0.0958084
0.112575
0.0976048
0.0986028
0.106986
0.0868263
0.1002
0.10998
0.0924152
0.099002

0.00204499 0.00204499 0.00204499 0.00204499 0.00204499 0.00204499 0.00204499 0.00204499 0.00204499 0.00204499 0.00204499 0.00204499 0.00204499 0.00204499 0.00204499 0.00204499 0.00204499 0.00204499 0.00204499 0.00204499 0.00204499 0.00204499 0.00204499 0.00204499 0.00204499 0.00204499 0.00204499 0.00204499 
0.00204499 0.00204499 0.00204499 0.00204499 0.00204499 0.00204499 0.00204499 0.00204499 0.00204499 0.00204499 0.00204499 0.00204499 0.00204499 0.00204499 0.00204499 0.00204499 0.00204499 0.00204499 0.00204499 0.00204499 0.00204499 0.00204499 0.00204499 0.00204499 0.00204499 0.00204499 0.00204499 0.00204499 
0.00204499 0.00204499 0.00204499 0.00204499 0.00204499 0.00204499 0.00204499 0.00204499 0.00204499 0.00204499 0.00204499 0.00204499 0.00204499 0.00204499 0.00204499 0.00204499 0.00204499 0.00204499 0.00204499 0.00204499 0.00204499 0.00204499 0.00204499 0.00204499 0.00204499 0.00204499 0.00204499 0.00204499 
0.00204499 0.00204499 0.00204499 0.00204499 0.00204499 0.00204499 0.00204499 0.00204499 0.00204499 0.00204499 0.00408998 0.0102249 0.0163599 0.0245399 0.0306748 0.0327198 0.0306748 0.0327198 0.0265849 0.0143149 0.0102249 0.00408998 0.00204499 0.00204499 0.00204499 0.00204499 0.00204499 0.00204499 
0.00204499 0.00204499 0.00204499 0.00204499 0.00204499 0.00204499 0.00204499 0.00408998 0.0102249 0.0245399 0.0511247 0.120654 0.206544 0.282209 0.364008 0.415133 0.404908 0.413088 0.351738 0.271984 0.173824 0.110429 0.0633947 0.0245399 0.00613497 0.00204499 0.00204499 0.00204499 
0.00204499 0.00204499 0.00204499 0.00204499 0.00204499 0.00204499 0.00408998 0.00817996 0.0286299 0.0817996 0.182004 0.267894 0.400818 0.550102 0.666667 0.746421 0.762781 0.740286 0.627812 0.511247 0.351738 0.245399 0.126789 0.0552147 0.0102249 0.00204499 0.00204499 0.00204499 
0.00204499 0.00204499 0.00204499 0.00204499 0.00613497 0.00613497 0.00817996 0.0245399 0.0695297 0.186094 0.310838 0.429448 0.576687 0.709611 0.795501 0.862986 0.881391 0.867076 0.793456 0.687117 0.539877 0.364008 0.222904 0.0940695 0.0204499 0.00204499 0.00204499 0.00204499 
0.00204499 0.00204499 0.00204499 0.00204499 0.00408998 0.00613497 0.0143149 0.0593047 0.171779 0.300613 0.429448 0.593047 0.744376 0.844581 0.856851 0.877301 0.873211 0.891616 0.862986 0.807771 0.695297 0.503067 0.294479 0.141104 0.0388548 0.00204499 0.00204499 0.00204499 
0.00204499 0.00204499 0.00204499 0.00204499 0.00408998 0.0102249 0.0429448 0.110429 0.251534 0.400818 0.605317 0.719836 0.803681 0.826176 0.797546 0.773006 0.744376 0.783231 0.807771 0.840491 0.746421 0.640082 0.423313 0.194274 0.0695297 0.00204499 0.00204499 0.00204499 
0.00204499 0.00204499 0.00204499 0.00204499 0.00408998 0.0224949 0.0879346 0.222904 0.357873 0.560327 0.728016 0.799591 0.795501 0.734151 0.658487 0.595092 0.564417 0.584867 0.683027 0.791411 0.795501 0.691207 0.527607 0.298569 0.0797546 0.00204499 0.00204499 0.00204499 
0.00204499 0.00204499 0.00204499 0.00204499 0.00408998 0.0572597 0.151329 0.314928 0.501022 0.693252 0.803681 0.807771 0.719836 0.613497 0.498978 0.382413 0.341513 0.404908 0.521472 0.683027 0.793456 0.752556 0.619632 0.382413 0.106339 0.00204499 0.00204499 0.00204499 
0.00204499 0.00204499 0.00204499 0.00204499 0.0102249 0.0981595 0.253579 0.435583 0.631902 0.781186 0.793456 0.717791 0.597137 0.441718 0.329243 0.220859 0.184049 0.233129 0.404908 0.601227 0.770961 0.787321 0.662577 0.417178 0.147239 0.00613497 0.00408998 0.00204499 
0.00204499 0.00204499 0.00204499 0.00204499 0.0163599 0.175869 0.357873 0.554192 0.752556 0.813906 0.742331 0.603272 0.433538 0.278119 0.141104 0.0817996 0.0817996 0.163599 0.302658 0.535787 0.740286 0.783231 0.689162 0.453988 0.167689 0.00817996 0.00408998 0.00204499 
0.00204499 0.00204499 0.00408998 0.00204499 0.0388548 0.233129 0.447853 0.662577 0.805726 0.797546 0.660532 0.490798 0.282209 0.151329 0.0674847 0.0408998 0.0449898 0.130879 0.288344 0.490798 0.725971 0.789366 0.672802 0.466258 0.188139 0.00613497 0.00408998 0.00204499 
0.00204499 0.00204499 0.00204499 0.00204499 0.0613497 0.323108 0.562372 0.758691 0.815951 0.738241 0.552147 0.349693 0.169734 0.0695297 0.0286299 0.0184049 0.0408998 0.155419 0.304703 0.525562 0.721881 0.762781 0.662577 0.451943 0.184049 0.00408998 0.00204499 0.00204499 
0.00204499 0.00204499 0.00204499 0.00408998 0.0817996 0.390593 0.631902 0.797546 0.801636 0.687117 0.449898 0.239264 0.0920245 0.0347648 0.00613497 0.0163599 0.0613497 0.194274 0.378323 0.580777 0.736196 0.742331 0.613497 0.413088 0.167689 0.00408998 0.00204499 0.00204499 
0.00204499 0.00204499 0.00204499 0.00408998 0.116564 0.437628 0.687117 0.830266 0.795501 0.613497 0.359918 0.145194 0.0674847 0.0184049 0.0122699 0.0531697 0.132924 0.288344 0.490798 0.646217 0.748466 0.703476 0.554192 0.343558 0.137014 0.00408998 0.00204499 0.00204499 
0.00204499 0.00204499 0.00204499 0.00204499 0.155419 0.472393 0.717791 0.830266 0.779141 0.582822 0.331288 0.139059 0.0715746 0.0388548 0.0633947 0.120654 0.253579 0.462168 0.611452 0.728016 0.758691 0.633947 0.451943 0.269939 0.100204 0.00204499 0.00204499 0.00204499 
0.00204499 0.00204499 0.00204499 0.00408998 0.165644 0.472393 0.717791 0.838446 0.791411 0.570552 0.349693 0.198364 0.141104 0.130879 0.179959 0.298569 0.470348 0.619632 0.709611 0.770961 0.685072 0.527607 0.357873 0.182004 0.0715746 0.00408998 0.00204499 0.00204499 
0.00204499 0.00204499 0.00204499 0.00613497 0.153374 0.427403 0.689162 0.832311 0.793456 0.685072 0.517382 0.351738 0.312883 0.327198 0.402863 0.539877 0.648262 0.748466 0.793456 0.728016 0.591002 0.400818 0.245399 0.0981595 0.0347648 0.00408998 0.00204499 0.00204499 
0.00204499 0.00204499 0.00204499 0.00613497 0.122699 0.368098 0.601227 0.795501 0.852761 0.813906 0.750511 0.646217 0.619632 0.635992 0.683027 0.746421 0.797546 0.824131 0.762781 0.584867 0.415133 0.290389 0.130879 0.0511247 0.0122699 0.00408998 0.00408998 0.00204499 
0.00204499 0.00204499 0.00204499 0.00408998 0.0838446 0.261759 0.498978 0.705521 0.838446 0.887526 0.889571 0.883436 0.844581 0.822086 0.834356 0.862986 0.848671 0.750511 0.586912 0.425358 0.271984 0.130879 0.0633947 0.0184049 0.00613497 0.00408998 0.00408998 0.00204499 
0.00204499 0.00204499 0.00204499 0.00408998 0.0470348 0.167689 0.335378 0.537832 0.695297 0.817996 0.885481 0.90593 0.903885 0.887526 0.858896 0.805726 0.662577 0.525562 0.361963 0.229039 0.137014 0.0654397 0.0204499 0.00613497 0.00204499 0.00408998 0.00408998 0.00204499 
0.00204499 0.00204499 0.00204499 0.00204499 0.00817996 0.0613497 0.147239 0.284254 0.451943 0.601227 0.721881 0.758691 0.756646 0.728016 0.648262 0.525562 0.390593 0.241309 0.147239 0.0858896 0.0347648 0.0163599 0.00817996 0.00408998 0.00204499 0.00204499 0.00204499 0.00204499 
0.00204499 0.00204499 0.00204499 0.00204499 0.00613497 0.00613497 0.0184049 0.0327198 0.0695297 0.120654 0.155419 0.190184 0.200409 0.188139 0.169734 0.139059 0.0858896 0.0531697 0.0286299 0.0143149 0.00613497 0.00613497 0.00408998 0.00204499 0.00204499 0.00204499 0.00204499 0.00204499 
0.00204499 0.00204499 0.00204499 0.00204499 0.00204499 0.00204499 0.00204499 0.00204499 0.00204499 0.00408998 0.00613497 0.00817996 0.00817996 0.00817996 0.00613497 0.00613497 0.00204499 0.00204499 0.00204499 0.00204499 0.00204499 0.00204499 0.00204499 0.00204499 0.00204499 0.00204499 0.00204499 0.00204499 
0.00204499 0.00204499 0.00204499 0.00204499 0.00204499 0.00204499 0.00204499 0.00204499 0.00204499 0.00204499 0.00204499 0.00204499 0.00204499 0.00204499 0.00204499 0.00204499 0.00204499 0.00204499 0.00204499 0.00204499 0.00204499 0.00204499 0.00204499 0.00204499 0.00204499 0.00204499 0.00204499 0.00204499 
0.00204499 0.00204499 0.00204499 0.00204499 0.00204499 0.00204499 0.00204499 0.00204499 0.00204499 0.00204499 0.00204499 0.00204499 0.00204499 0.00204499 0.00204499 0.00204499 0.00204499 0.00204499 0.00204499 0.00204499 0.00204499 0.00204499 0.00204499 0.00204499 0.00204499 0.00204499 0.00204499 0.00204499 

0.0017452 0.0017452 0.0017452 0.0017452 0.0017452 0.0017452 0.0017452 0.0017452 0.0017452 0.0017452 0.0017452 0.0017452 0.0017452 0.0017452 0.0017452 0.0017452 0.0017452 0.0017452 0.0017452 0.0017452 0.0017452 0.0017452 0.0017452 0.0017452 0.0017452 0.0017452 0.0017452 0.0017452 
0.0017452 0.0017452 0.0017452 0.0017452 0.0017452 0.0017452 0.0017452 0.0017452 0.0017452 0.0017452 0.0017452 0.0017452 0.0017452 0.0017452 0.0017452 0.0017452 0.0017452 0.0017452 0.0017452 0.0017452 0.0017452 0.0017452 0.0017452 0.0017452 0.0017452 0.0017452 0.0017452 0.0017452 
0.0017452 0.0017452 0.0017452 0.0017452 0.0017452 0.0017452 0.0017452 0.0017452 0.0017452 0.0017452 0.0017452 0.0017452 0.0017452 0.0017452 0.0017452 0.0017452 0.0017452 0.0017452 0.0017452 0.0017452 0.0017452 0.0017452 0.0017452 0.0017452 0.0017452 0.0017452 0.0017452 0.0017452 
0.0017452 0.0017452 0.0017452 0.0017452 0.0017452 0.0017452 0.0017452 0.0017452 0.0017452 0.0017452 0.0017452 0.0034904 0.0034904 0.0139616 0.0122164 0.0191972 0.0122164 0.0104712 0.0104712 0.0069808 0.0052356 0.0052356 0.0017452 0.0017452 0.0017452 0.0017452 0.0017452 0.0017452 
0.0017452 0.0017452 0.0017452 0.0017452 0.0034904 0.0017452 0.0017452 0.0034904 0.0034904 0.0052356 0.017452 0.0401396 0.0890052 0.172775 0.226876 0.246073 0.225131 0.244328 0.246073 0.209424 0.137871 0.0645724 0.026178 0.0052356 0.0034904 0.0017452 0.0017452 0.0017452 
0.0017452 0.0017452 0.0034904 0.0034904 0.0017452 0.0017452 0.0052356 0.0069808 0.0069808 0.008726 0.0296684 0.069808 0.143106 0.284468 0.378709 0.438045 0.464223 0.460733 0.438045 0.364747 0.21466 0.108202 0.0418848 0.0104712 0.0052356 0.0017452 0.0034904 0.0017452 
0.0017452 0.0017452 0.0017452 0.0017452 0.0017452 0.0017452 0.0052356 0.0069808 0.0104712 0.0104712 0.0366492 0.0750436 0.158813 0.308901 0.457243 0.52007 0.565445 0.541012 0.481675 0.380454 0.216405 0.102967 0.0331588 0.008726 0.0052356 0.0017452 0.0017452 0.0017452 
0.0017452 0.0017452 0.0017452 0.0034904 0.0034904 0.0034904 0.0069808 0.008726 0.0104712 0.0122164 0.0296684 0.0732984 0.17103 0.336824 0.506108 0.614311 0.645724 0.586387 0.486911 0.34555 0.172775 0.0663176 0.0209424 0.0069808 0.0017452 0.0017452 0.0017452 0.0017452 
0.0017452 0.0017452 0.0017452 0.0034904 0.0034904 0.0017452 0.0034904 0.0069808 0.0104712 0.0122164 0.0244328 0.0750436 0.181501 0.357766 0.568935 0.713787 0.729494 0.582897 0.467714 0.273997 0.102967 0.0366492 0.0139616 0.0017452 0.0017452 0.0017452 0.0017452 0.0017452 
0.0017452 0.0034904 0.0017452 0.0034904 0.0017452 0.0017452 0.0034904 0.0052356 0.008726 0.0139616 0.0226876 0.0715532 0.179756 0.397906 0.656195 0.82897 0.753927 0.568935 0.38918 0.204188 0.0575916 0.0104712 0.0034904 0.0017452 0.0017452 0.0017452 0.0017452 0.0017452 
0.0017452 0.0034904 0.0017452 0.0017452 0.0017452 0.0017452 0.0034904 0.0034904 0.008726 0.0157068 0.0191972 0.0628272 0.186736 0.458988 0.787086 0.910995 0.766143 0.52356 0.307155 0.113438 0.0226876 0.0052356 0.0017452 0.0017452 0.0017452 0.0034904 0.0017452 0.0017452 
0.0017452 0.0017452 0.0017452 0.0017452 0.0017452 0.0017452 0.0034904 0.008726 0.0104712 0.0122164 0.0191972 0.04363 0.198953 0.574171 0.897033 0.938918 0.752182 0.458988 0.198953 0.0383944 0.0052356 0.0034904 0.0017452 0.0017452 0.0017452 0.0034904 0.0017452 0.0017452 
0.0017452 0.0017452 0.0017452 0.0017452 0.0017452 0.0017452 0.0069808 0.0069808 0.008726 0.0122164 0.0139616 0.0366492 0.240838 0.722513 0.965096 0.951134 0.736475 0.363002 0.0994764 0.0157068 0.0017452 0.0034904 0.0017452 0.0017452 0.0017452 0.0017452 0.0017452 0.0017452 
0.0017452 0.0017452 0.0017452 0.0017452 0.0017452 0.0034904 0.0052356 0.0052356 0.0069808 0.0104712 0.0104712 0.0488656 0.356021 0.879581 0.975567 0.95288 0.677138 0.232112 0.0418848 0.0034904 0.0017452 0.0017452 0.0017452 0.0017452 0.0017452 0.0017452 0.0017452 0.0017452 
0.0017452 0.0017452 0.0017452 0.0017452 0.0017452 0.0052356 0.0034904 0.0017452 0.0034904 0.0069808 0.0191972 0.104712 0.509599 0.940663 0.980803 0.930192 0.499127 0.111693 0.0157068 0.0034904 0.0034904 0.0034904 0.0017452 0.0017452 0.0017452 0.0034904 0.0034904 0.0017452 
0.0017452 0.0017452 0.0017452 0.0017452 0.0017452 0.0017452 0.0017452 0.0052356 0.0052356 0.0069808 0.0296684 0.212914 0.649215 0.945899 0.980803 0.879581 0.359511 0.0628272 0.0122164 0.0034904 0.0034904 0.0034904 0.0017452 0.0017452 0.0017452 0.0017452 0.0017452 0.0017452 
0.0017452 0.0017452 0.0017452 0.0017452 0.0034904 0.0034904 0.0052356 0.0052356 0.0052356 0.0139616 0.0924956 0.350785 0.708551 0.945899 0.963351 0.762653 0.251309 0.0418848 0.008726 0.008726 0.0017452 0.0017452 0.0017452 0.0017452 0.0017452 0.0017452 0.0017452 0.0017452 
0.0017452 0.0017452 0.0017452 0.0017452 0.0034904 0.0052356 0.0052356 0.0052356 0.0122164 0.0506108 0.21815 0.460733 0.734729 0.937173 0.891798 0.556719 0.209424 0.0383944 0.0139616 0.0122164 0.0034904 0.0017452 0.0017452 0.0017452 0.0017452 0.0017452 0.0034904 0.0017452 
0.0017452 0.0017452 0.0017452 0.0017452 0.0017452 0.0017452 0.0052356 0.008726 0.0279232 0.120419 0.315881 0.535777 0.757417 0.898778 0.787086 0.4363 0.202443 0.0558464 0.0209424 0.017452 0.0104712 0.0069808 0.0034904 0.0034904 0.0034904 0.0017452 0.0034904 0.0052356 
0.0017452 0.0017452 0.0017452 0.0017452 0.0017452 0.0034904 0.0034904 0.017452 0.0767888 0.226876 0.397906 0.584642 0.74171 0.818499 0.640489 0.396161 0.202443 0.052356 0.0296684 0.0191972 0.0157068 0.0104712 0.0052356 0.0052356 0.0052356 0.0034904 0.0017452 0.0052356 
0.0017452 0.0017452 0.0017452 0.0034904 0.0034904 0.0052356 0.017452 0.0541012 0.155323 0.310646 0.462478 0.591623 0.705061 0.703316 0.542757 0.366492 0.216405 0.0663176 0.0314136 0.0209424 0.0139616 0.0139616 0.0069808 0.0052356 0.0069808 0.0069808 0.0017452 0.0017452 
0.0017452 0.0017452 0.0017452 0.0034904 0.0034904 0.0052356 0.0314136 0.0855148 0.21815 0.369983 0.488656 0.589878 0.643979 0.609075 0.467714 0.34555 0.225131 0.0907504 0.0366492 0.0157068 0.0139616 0.008726 0.0052356 0.0034904 0.0052356 0.0034904 0.0034904 0.0017452 
0.0017452 0.0017452 0.0017452 0.0034904 0.0034904 0.0104712 0.0331588 0.122164 0.263525 0.394415 0.492147 0.537522 0.556719 0.518325 0.448517 0.335079 0.212914 0.0924956 0.0401396 0.0157068 0.0104712 0.0052356 0.0034904 0.0034904 0.0034904 0.0034904 0.0017452 0.0017452 
0.0017452 0.0017452 0.0017452 0.0017452 0.0034904 0.0139616 0.0331588 0.108202 0.240838 0.369983 0.438045 0.431065 0.43281 0.425829 0.396161 0.284468 0.181501 0.08726 0.0331588 0.0139616 0.008726 0.0034904 0.0017452 0.0017452 0.0017452 0.0017452 0.0017452 0.0017452 
0.0017452 0.0017452 0.0017452 0.0017452 0.0017452 0.0052356 0.0122164 0.0314136 0.0715532 0.113438 0.141361 0.139616 0.132635 0.136126 0.13089 0.0942408 0.052356 0.0279232 0.0104712 0.0052356 0.0034904 0.0017452 0.0017452 0.0017452 0.0017452 0.0017452 0.0017452 0.0017452 
0.0017452 0.0017452 0.0017452 0.0017452 0.0017452 0.0017452 0.0017452 0.0017452 0.0034904 0.0069808 0.0069808 0.0052356 0.0034904 0.0069808 0.0069808 0.0034904 0.0017452 0.0017452 0.0017452 0.0017452 0.0017452 0.0017452 0.0017452 0.0017452 0.0017452 0.0017452 0.0017452 0.0017452 
0.0017452 0.0017452 0.0017452 0.0017452 0.0017452 0.0017452 0.0017452 0.0017452 0.0017452 0.0017452 0.0017452 0.0017452 0.0017452 0.0017452 0.0017452 0.0017452 0.0017452 0.0017452 0.0017452 0.0017452 0.0017452 0.0017452 0.0017452 0.0017452 0.0017452 0.0017452 0.0017452 0.0017452 
0.0017452 0.0017452 0.0017452 0.0017452 0.0017452 0.0017452 0.0017452 0.0017452 0.0017452 0.0017452 0.0017452 0.0017452 0.0017452 0.0017452 0.0017452 0.0017452 0.0017452 0.0017452 0.0017452 0.0017452 0.0017452 0.0017452 0.0017452 0.0017452 0.0017452 0.0017452 0.0017452 0.0017452 

0.00200803 0.00200803 0.00200803 0.00200803 0.00200803 0.00200803 0.00200803 0.00200803 0.00200803 0.00200803 0.00200803 0.00200803 0.00200803 0.00200803 0.00200803 0.00200803 0.00200803 0.00200803 0.00200803 0.00200803 0.00200803 0.00200803 0.00200803 0.00200803 0.00200803 0.00200803 0.00200803 0.00200803 
0.00200803 0.00200803 0.00200803 0.00200803 0.00200803 0.00200803 0.00200803 0.00200803 0.00200803 0.00200803 0.00200803 0.00200803 0.00200803 0.00200803 0.00200803 0.0060241 0.0060241 0.00401606 0.00200803 0.00200803 0.00200803 0.00200803 0.00200803 0.00200803 0.00200803 0.00200803 0.00200803 0.00200803 
0.00200803 0.00200803 0.00200803 0.00200803 0.00200803 0.00200803 0.00200803 0.00401606 0.00401606 0.0060241 0.00803213 0.0100402 0.0220884 0.0240964 0.0240964 0.0240964 0.0200803 0.0220884 0.0120482 0.00803213 0.00200803 0.00200803 0.00200803 0.00401606 0.00401606 0.00200803 0.00200803 0.00200803 
0.00200803 0.00200803 0.00200803 0.00200803 0.00200803 0.00401606 0.0120482 0.0240964 0.0421687 0.0763052 0.108434 0.160643 0.202811 0.236948 0.259036 0.273092 0.222892 0.176707 0.12249 0.0783133 0.0401606 0.0200803 0.00803213 0.00401606 0.00401606 0.00200803 0.00200803 0.00200803 
0.00200803 0.00200803 0.00200803 0.00200803 0.00200803 0.0180723 0.0401606 0.064257 0.12249 0.212851 0.283133 0.379518 0.473896 0.546185 0.582329 0.580321 0.548193 0.467871 0.343373 0.226908 0.134538 0.0843373 0.0321285 0.00401606 0.00401606 0.00401606 0.00200803 0.00200803 
0.00200803 0.00200803 0.00200803 0.00200803 0.00803213 0.0361446 0.0702811 0.134538 0.232932 0.331325 0.449799 0.560241 0.648594 0.722892 0.751004 0.767068 0.7249 0.666667 0.542169 0.393574 0.269076 0.160643 0.0763052 0.0200803 0.00401606 0.00401606 0.00200803 0.00200803 
0.00200803 0.00200803 0.00200803 0.00401606 0.0120482 0.0461847 0.0943775 0.178715 0.303213 0.429719 0.542169 0.63253 0.688755 0.722892 0.753012 0.75502 0.759036 0.736948 0.650602 0.512048 0.34739 0.236948 0.118474 0.0321285 0.00401606 0.00200803 0.00200803 0.00200803 
0.00200803 0.00200803 0.00401606 0.0060241 0.0261044 0.0662651 0.124498 0.204819 0.321285 0.431727 0.534137 0.594378 0.626506 0.618474 0.584337 0.620482 0.65261 0.700803 0.64257 0.546185 0.425703 0.26506 0.15261 0.0522088 0.00401606 0.00200803 0.00200803 0.00200803 
0.00200803 0.00200803 0.00401606 0.0060241 0.0281124 0.0722892 0.108434 0.196787 0.2751 0.365462 0.419679 0.431727 0.427711 0.425703 0.419679 0.455823 0.53012 0.626506 0.638554 0.584337 0.461847 0.303213 0.166667 0.0542169 0.00200803 0.00200803 0.00200803 0.00200803 
0.00200803 0.00200803 0.00401606 0.0060241 0.0281124 0.0682731 0.108434 0.154618 0.192771 0.246988 0.291165 0.299197 0.301205 0.279116 0.291165 0.35743 0.477912 0.590361 0.626506 0.582329 0.465863 0.291165 0.172691 0.0542169 0.00803213 0.00200803 0.00200803 0.00200803 
0.00200803 0.00200803 0.00200803 0.00200803 0.0140562 0.0421687 0.0763052 0.0943775 0.128514 0.158635 0.166667 0.172691 0.158635 0.138554 0.222892 0.317269 0.459839 0.584337 0.616466 0.572289 0.465863 0.279116 0.162651 0.0502008 0.00803213 0.00401606 0.00200803 0.00200803 
0.00200803 0.00200803 0.00200803 0.00200803 0.0160643 0.0321285 0.0381526 0.0542169 0.064257 0.0783133 0.0923695 0.0963855 0.10241 0.124498 0.220884 0.34739 0.491968 0.596386 0.636546 0.558233 0.433735 0.26506 0.138554 0.0341365 0.0140562 0.00803213 0.00200803 0.00200803 
0.00200803 0.00200803 0.00200803 0.00401606 0.00803213 0.0160643 0.0261044 0.0361446 0.0502008 0.064257 0.0843373 0.0843373 0.110442 0.188755 0.295181 0.419679 0.552209 0.636546 0.628514 0.532129 0.383534 0.2249 0.114458 0.0341365 0.0180723 0.0120482 0.00401606 0.00200803 
0.00200803 0.00200803 0.00200803 0.00401606 0.0060241 0.0180723 0.0281124 0.0502008 0.0803213 0.106426 0.13253 0.190763 0.242972 0.323293 0.425703 0.540161 0.64257 0.676707 0.614458 0.495984 0.321285 0.184739 0.0883534 0.0401606 0.0220884 0.0100402 0.00401606 0.00200803 
0.00200803 0.00200803 0.00200803 0.00401606 0.0160643 0.0341365 0.0582329 0.118474 0.202811 0.287149 0.329317 0.407631 0.493976 0.578313 0.624498 0.692771 0.706827 0.680723 0.570281 0.447791 0.269076 0.168675 0.0843373 0.0562249 0.0341365 0.00803213 0.00401606 0.00200803 
0.00200803 0.00200803 0.00200803 0.0060241 0.0220884 0.0843373 0.164659 0.285141 0.385542 0.459839 0.538153 0.624498 0.702811 0.767068 0.7751 0.771084 0.7249 0.662651 0.548193 0.415663 0.291165 0.186747 0.126506 0.0863454 0.0562249 0.0200803 0.00803213 0.00200803 
0.00200803 0.00200803 0.00200803 0.0180723 0.0582329 0.166667 0.293173 0.427711 0.534137 0.616466 0.672691 0.76506 0.819277 0.833333 0.837349 0.793173 0.73494 0.646586 0.544177 0.439759 0.323293 0.251004 0.202811 0.140562 0.0963855 0.0441767 0.0100402 0.00200803 
0.00200803 0.00200803 0.00200803 0.0281124 0.11245 0.26506 0.423695 0.538153 0.61245 0.664659 0.722892 0.75502 0.797189 0.827309 0.807229 0.769076 0.736948 0.65261 0.604418 0.493976 0.415663 0.359438 0.289157 0.208835 0.150602 0.0682731 0.0140562 0.00401606 
0.00200803 0.00200803 0.00200803 0.0481928 0.154618 0.333333 0.493976 0.604418 0.662651 0.704819 0.726908 0.746988 0.799197 0.805221 0.779116 0.75502 0.702811 0.664659 0.600402 0.560241 0.485944 0.403614 0.353414 0.271084 0.170683 0.0682731 0.0120482 0.00401606 
0.00200803 0.00200803 0.00401606 0.0542169 0.196787 0.363454 0.540161 0.630522 0.684739 0.740964 0.761044 0.813253 0.801205 0.787149 0.773092 0.688755 0.654618 0.608434 0.588353 0.554217 0.5 0.451807 0.345382 0.246988 0.166667 0.0562249 0.00803213 0.00200803 
0.00200803 0.00200803 0.00401606 0.0582329 0.192771 0.361446 0.52008 0.634538 0.732932 0.773092 0.807229 0.817269 0.789157 0.726908 0.638554 0.574297 0.556225 0.550201 0.532129 0.52008 0.491968 0.39759 0.311245 0.2249 0.13253 0.0441767 0.0060241 0.00200803 
0.00200803 0.00200803 0.00401606 0.0441767 0.154618 0.295181 0.437751 0.566265 0.646586 0.730924 0.740964 0.712851 0.64257 0.566265 0.467871 0.405622 0.38755 0.399598 0.399598 0.415663 0.37751 0.321285 0.222892 0.150602 0.0843373 0.0281124 0.0060241 0.00200803 
0.00200803 0.00200803 0.00200803 0.0180723 0.0722892 0.184739 0.289157 0.415663 0.48996 0.548193 0.554217 0.516064 0.437751 0.353414 0.289157 0.25502 0.236948 0.246988 0.253012 0.238956 0.222892 0.184739 0.130522 0.0742972 0.0481928 0.0180723 0.0060241 0.00200803 
0.00200803 0.00200803 0.00200803 0.00803213 0.0281124 0.064257 0.110442 0.154618 0.182731 0.204819 0.208835 0.194779 0.166667 0.128514 0.10241 0.10241 0.104418 0.104418 0.108434 0.0883534 0.0803213 0.062249 0.0441767 0.0240964 0.0100402 0.0060241 0.00401606 0.00200803 
0.00200803 0.00200803 0.00200803 0.00401606 0.00803213 0.0100402 0.0220884 0.0281124 0.0240964 0.0220884 0.0281124 0.0261044 0.0261044 0.0240964 0.0240964 0.0240964 0.0240964 0.0200803 0.0180723 0.0220884 0.0180723 0.0140562 0.0100402 0.00803213 0.00200803 0.00200803 0.00200803 0.00200803 
0.00200803 0.00200803 0.00200803 0.00200803 0.00200803 0.00200803 0.00200803 0.00200803 0.00200803 0.00200803 0.00200803 0.00200803 0.00200803 0.00200803 0.00200803 0.00200803 0.00200803 0.00401606 0.00401606 0.00401606 0.00401606 0.00200803 0.00200803 0.00200803 0.00200803 0.00200803 0.00200803 0.00200803 
0.00200803 0.00200803 0.00200803 0.00200803 0.00200803 0.00200803 0.00200803 0.00200803 0.00200803 0.00200803 0.00200803 0.00200803 0.00200803 0.00200803 0.00200803 0.00200803 0.00200803 0.00200803 0.00200803 0.00200803 0.00200803 0.00200803 0.00200803 0.00200803 0.00200803 0.00200803 0.00200803 0.00200803 
0.00200803 0.00200803 0.00200803 0.00200803 0.00200803 0.00200803 0.00200803 0.00200803 0.00200803 0.00200803 0.00200803 0.00200803 0.00200803 0.00200803 0.00200803 0.00200803 0.00200803 0.00200803 0.00200803 0.00200803 0.00200803 0.00200803 0.00200803 0.00200803 0.00200803 0.00200803 0.00200803 0.00200803 

0.00198807 0.00198807 0.00198807 0.00198807 0.00198807 0.00198807 0.00198807 0.00198807 0.00198807 0.00198807 0.00198807 0.00198807 0.00198807 0.00198807 0.00198807 0.00198807 0.00198807 0.00198807 0.00198807 0.00198807 0.00198807 0.00198807 0.00198807 0.00198807 0.00198807 0.00198807 0.00198807 0.00198807 
0.00198807 0.00198807 0.00198807 0.00198807 0.00198807 0.00198807 0.00198807 0.00198807 0.00198807 0.00198807 0.00198807 0.00198807 0.00198807 0.00198807 0.00198807 0.00198807 0.00198807 0.00198807 0.00198807 0.00198807 0.00198807 0.00198807 0.00198807 0.00198807 0.00198807 0.00198807 0.00198807 0.00198807 
0.00198807 0.00198807 0.00198807 0.00198807 0.00198807 0.00198807 0.00198807 0.00198807 0.00198807 0.00198807 0.00198807 0.00198807 0.00198807 0.00198807 0.00198807 0.00198807 0.00198807 0.00198807 0.00198807 0.00198807 0.00198807 0.00198807 0.00198807 0.00198807 0.00198807 0.00198807 0.00198807 0.00198807 
0.00198807 0.00198807 0.00198807 0.00198807 0.00198807 0.00397614 0.00397614 0.00397614 0.00596421 0.00994036 0.0119284 0.0218688 0.027833 0.0337972 0.0337972 0.0337972 0.0318091 0.027833 0.0159046 0.0139165 0.00596421 0.00397614 0.00198807 0.00198807 0.00198807 0.00198807 0.00198807 0.00198807 
0.00198807 0.00198807 0.00198807 0.00397614 0.00596421 0.0159046 0.0238569 0.055666 0.083499 0.125249 0.208748 0.282306 0.343936 0.385686 0.405567 0.399602 0.353877 0.294235 0.2167 0.151093 0.0715706 0.0337972 0.00994036 0.00596421 0.00198807 0.00198807 0.00198807 0.00198807 
0.00198807 0.00198807 0.00198807 0.00994036 0.0258449 0.055666 0.0874751 0.157058 0.250497 0.369781 0.508946 0.616302 0.691849 0.747515 0.77336 0.763419 0.709742 0.600398 0.485089 0.371769 0.230616 0.119284 0.0437376 0.0119284 0.00198807 0.00198807 0.00198807 0.00198807 
0.00198807 0.00198807 0.00198807 0.0218688 0.0457256 0.0854871 0.182903 0.276342 0.40159 0.530815 0.691849 0.771372 0.823062 0.866799 0.88668 0.888668 0.87674 0.781312 0.640159 0.512922 0.363817 0.206759 0.105368 0.0258449 0.00198807 0.00198807 0.00198807 0.00198807 
0.00198807 0.00397614 0.00198807 0.0238569 0.0596421 0.109344 0.202783 0.298211 0.439364 0.550696 0.624254 0.687873 0.703777 0.71173 0.749503 0.791252 0.777336 0.785288 0.72167 0.610338 0.44334 0.250497 0.12326 0.0477137 0.00198807 0.00198807 0.00198807 0.00198807 
0.00198807 0.00198807 0.00198807 0.027833 0.0656064 0.0994036 0.172962 0.238569 0.332008 0.403579 0.441352 0.4334 0.427435 0.429423 0.465209 0.574553 0.667992 0.707753 0.691849 0.616302 0.451292 0.248509 0.119284 0.0457256 0.00198807 0.00198807 0.00198807 0.00198807 
0.00198807 0.00198807 0.00397614 0.0178926 0.0377734 0.0735586 0.131213 0.161034 0.202783 0.228628 0.242545 0.246521 0.280318 0.318091 0.395626 0.530815 0.667992 0.745527 0.709742 0.574553 0.405567 0.220676 0.0934394 0.0298211 0.00198807 0.00198807 0.00198807 0.00198807 
0.00198807 0.00198807 0.00397614 0.00795229 0.0159046 0.0397614 0.0656064 0.0775348 0.109344 0.141153 0.172962 0.206759 0.280318 0.383698 0.514911 0.664016 0.785288 0.77336 0.671968 0.485089 0.316103 0.151093 0.0675944 0.0198807 0.00198807 0.00198807 0.00198807 0.00198807 
0.00198807 0.00198807 0.00198807 0.00397614 0.00994036 0.0178926 0.0318091 0.0477137 0.083499 0.149105 0.236581 0.355865 0.491054 0.616302 0.751491 0.82505 0.852883 0.757455 0.578529 0.379722 0.224652 0.0914513 0.027833 0.00994036 0.00198807 0.00198807 0.00198807 0.00198807 
0.00198807 0.00198807 0.00198807 0.00198807 0.00596421 0.00994036 0.0218688 0.0457256 0.11332 0.222664 0.369781 0.552684 0.709742 0.795229 0.874751 0.88668 0.840954 0.707753 0.510934 0.312127 0.163022 0.0576541 0.0218688 0.00795229 0.00198807 0.00198807 0.00198807 0.00198807 
0.00198807 0.00198807 0.00198807 0.00397614 0.00596421 0.00795229 0.0218688 0.0755467 0.163022 0.312127 0.510934 0.695825 0.803181 0.872763 0.884692 0.870775 0.821074 0.751491 0.538767 0.349901 0.17495 0.0755467 0.0198807 0.00596421 0.00198807 0.00198807 0.00198807 0.00198807 
0.00198807 0.00198807 0.00198807 0.00198807 0.00795229 0.0119284 0.0298211 0.0735586 0.182903 0.343936 0.49503 0.66004 0.735586 0.775348 0.781312 0.797217 0.785288 0.763419 0.634195 0.437376 0.26839 0.115308 0.0516899 0.00994036 0.00397614 0.00198807 0.00198807 0.00198807 
0.00198807 0.00198807 0.00198807 0.00397614 0.00795229 0.0159046 0.0318091 0.0695825 0.151093 0.264414 0.375746 0.479125 0.526839 0.548708 0.568588 0.602386 0.701789 0.741551 0.709742 0.582505 0.347913 0.188867 0.0675944 0.0238569 0.00397614 0.00198807 0.00397614 0.00198807 
0.00198807 0.00198807 0.00795229 0.0159046 0.0218688 0.0457256 0.0457256 0.0675944 0.101392 0.15507 0.2167 0.228628 0.248509 0.26839 0.316103 0.395626 0.550696 0.699801 0.733598 0.636183 0.423459 0.246521 0.101392 0.0298211 0.00397614 0.00198807 0.00198807 0.00198807 
0.00198807 0.00198807 0.00994036 0.0357853 0.0735586 0.0954274 0.0934394 0.0934394 0.10338 0.101392 0.0854871 0.0914513 0.0994036 0.11332 0.178926 0.33002 0.483101 0.632207 0.723658 0.664016 0.449304 0.256461 0.133201 0.0437376 0.00397614 0.00198807 0.00198807 0.00198807 
0.00198807 0.00198807 0.00994036 0.0536779 0.131213 0.172962 0.208748 0.208748 0.163022 0.107356 0.0874751 0.0755467 0.0675944 0.0994036 0.178926 0.326044 0.50497 0.612326 0.691849 0.650099 0.441352 0.26839 0.147117 0.0437376 0.00397614 0.00198807 0.00198807 0.00198807 
0.00198807 0.00198807 0.0159046 0.0775348 0.204771 0.27833 0.349901 0.345924 0.280318 0.198807 0.153082 0.12326 0.133201 0.192843 0.294235 0.451292 0.596421 0.67992 0.697813 0.604374 0.423459 0.250497 0.133201 0.0377734 0.00397614 0.00198807 0.00198807 0.00198807 
0.00198807 0.00198807 0.0178926 0.101392 0.22664 0.355865 0.457256 0.49503 0.483101 0.415507 0.369781 0.345924 0.369781 0.455268 0.570577 0.666004 0.741551 0.755467 0.675944 0.508946 0.369781 0.218688 0.107356 0.0337972 0.00397614 0.00198807 0.00198807 0.00198807 
0.00198807 0.00198807 0.0178926 0.0815109 0.206759 0.328032 0.506958 0.590457 0.644135 0.650099 0.66004 0.644135 0.667992 0.713718 0.775348 0.823062 0.801193 0.727634 0.562624 0.413519 0.282306 0.161034 0.0636183 0.0178926 0.00198807 0.00198807 0.00198807 0.00198807 
0.00198807 0.00198807 0.0139165 0.0576541 0.143141 0.266402 0.431412 0.558648 0.675944 0.747515 0.799205 0.836978 0.864811 0.868787 0.864811 0.821074 0.713718 0.568588 0.403579 0.280318 0.159046 0.083499 0.0357853 0.00795229 0.00198807 0.00198807 0.00198807 0.00198807 
0.00198807 0.00198807 0.00596421 0.0337972 0.0914513 0.153082 0.286282 0.417495 0.558648 0.693837 0.757455 0.803181 0.819085 0.807157 0.725646 0.60835 0.491054 0.343936 0.218688 0.141153 0.0656064 0.0258449 0.00795229 0.00397614 0.00198807 0.00198807 0.00198807 0.00198807 
0.00198807 0.00198807 0.00198807 0.0139165 0.0357853 0.0636183 0.105368 0.178926 0.224652 0.272366 0.32008 0.357853 0.373757 0.349901 0.286282 0.238569 0.159046 0.101392 0.0516899 0.0258449 0.0159046 0.00994036 0.00596421 0.00397614 0.00198807 0.00198807 0.00198807 0.00198807 
0.00198807 0.00198807 0.00198807 0.00397614 0.00795229 0.00795229 0.0198807 0.0337972 0.0417495 0.0497018 0.0457256 0.055666 0.0536779 0.055666 0.0397614 0.0198807 0.0139165 0.00994036 0.0119284 0.00596421 0.00596421 0.00397614 0.00397614 0.00198807 0.00198807 0.00198807 0.00198807 0.00198807 
0.00198807 0.00198807 0.00198807 0.00198807 0.00198807 0.00198807 0.00198807 0.00198807 0.00198807 0.00198807 0.00397614 0.00397614 0.00596421 0.00596421 0.00596421 0.00596421 0.00397614 0.00397614 0.00397614 0.00397614 0.00397614 0.00397614 0.00198807 0.00198807 0.00198807 0.00198807 0.00198807 0.00198807 
0.00198807 0.00198807 0.00198807 0.00198807 0.00198807 0.00198807 0.00198807 0.00198807 0.00198807 0.00198807 0.00198807 0.00198807 0.00198807 0.00198807 0.00198807 0.00198807 0.00198807 0.00198807 0.00198807 0.00198807 0.00198807 0.00198807 0.00198807 0.00198807 0.00198807 0.00198807 0.00198807 0.00198807 

0.00183486 0.00183486 0.00183486 0.00183486 0.00183486 0.00183486 0.00183486 0.00183486 0.00183486 0.00183486 0.00183486 0.00183486 0.00183486 0.00183486 0.00183486 0.00183486 0.00183486 0.00183486 0.00183486 0.00183486 0.00183486 0.00183486 0.00183486 0.00183486 0.00183486 0.00183486 0.00183486 0.00183486 
0.00183486 0.00183486 0.00183486 0.00183486 0.00183486 0.00183486 0.00183486 0.00183486 0.00183486 0.00183486 0.00183486 0.00183486 0.00183486 0.00183486 0.00183486 0.00183486 0.00183486 0.00183486 0.00183486 0.00183486 0.00183486 0.00183486 0.00183486 0.00183486 0.00183486 0.00183486 0.00183486 0.00183486 
0.00183486 0.00183486 0.00183486 0.00183486 0.00183486 0.00183486 0.00183486 0.00183486 0.00183486 0.00183486 0.00183486 0.00183486 0.00183486 0.00183486 0.00183486 0.00366972 0.00366972 0.00366972 0.00183486 0.00183486 0.00183486 0.00183486 0.00183486 0.00183486 0.00183486 0.00183486 0.00183486 0.00183486 
0.00183486 0.00183486 0.00183486 0.00183486 0.00183486 0.00183486 0.00183486 0.00183486 0.00183486 0.00183486 0.00183486 0.00366972 0.00366972 0.00366972 0.00366972 0.00550459 0.00550459 0.00550459 0.00550459 0.00550459 0.0110092 0.00917431 0.00733945 0.00183486 0.00183486 0.00183486 0.00183486 0.00183486 
0.00183486 0.00183486 0.00183486 0.00183486 0.00550459 0.00733945 0.00733945 0.0146789 0.0201835 0.0220183 0.0238532 0.0238532 0.0311927 0.0275229 0.0220183 0.0293578 0.0366972 0.0568807 0.0642202 0.0770642 0.0880734 0.0568807 0.0477064 0.0220183 0.012844 0.00183486 0.00183486 0.00183486 
0.00183486 0.00183486 0.00183486 0.00183486 0.00733945 0.0146789 0.0348624 0.0550459 0.0715596 0.100917 0.124771 0.12844 0.133945 0.117431 0.0880734 0.0825688 0.133945 0.166972 0.218349 0.240367 0.245872 0.192661 0.170642 0.115596 0.0715596 0.00917431 0.00183486 0.00183486 
0.00183486 0.00183486 0.00183486 0.00550459 0.0146789 0.0348624 0.0587156 0.0917431 0.146789 0.201835 0.238532 0.26422 0.269725 0.214679 0.152294 0.143119 0.192661 0.26789 0.348624 0.394495 0.383486 0.315596 0.249541 0.161468 0.0917431 0.0238532 0.00366972 0.00183486 
0.00183486 0.00183486 0.00183486 0.00733945 0.0256881 0.0440367 0.0880734 0.137615 0.222018 0.317431 0.377982 0.392661 0.376147 0.295413 0.209174 0.187156 0.251376 0.348624 0.447706 0.500917 0.442202 0.374312 0.266055 0.144954 0.0807339 0.0256881 0.00733945 0.00183486 
0.00183486 0.00183486 0.00183486 0.00917431 0.0275229 0.0587156 0.104587 0.187156 0.278899 0.39633 0.480734 0.488073 0.453211 0.330275 0.218349 0.201835 0.282569 0.412844 0.53945 0.565138 0.499083 0.388991 0.233028 0.143119 0.0568807 0.0146789 0.00550459 0.00183486 
0.00183486 0.00183486 0.00183486 0.0110092 0.0330275 0.0678899 0.124771 0.227523 0.350459 0.488073 0.554128 0.550459 0.477064 0.315596 0.20367 0.19633 0.313761 0.504587 0.612844 0.633028 0.521101 0.343119 0.20367 0.104587 0.0275229 0.0146789 0.00366972 0.00183486 
0.00183486 0.00183486 0.00183486 0.0110092 0.0311927 0.0770642 0.157798 0.275229 0.445872 0.585321 0.655046 0.585321 0.431193 0.253211 0.130275 0.190826 0.370642 0.585321 0.695413 0.669725 0.499083 0.291743 0.155963 0.0605505 0.0146789 0.00550459 0.00183486 0.00183486 
0.00183486 0.00183486 0.00366972 0.0146789 0.0422018 0.0880734 0.187156 0.388991 0.554128 0.706422 0.699083 0.53578 0.372477 0.177982 0.113761 0.220183 0.469725 0.682569 0.770642 0.662385 0.462385 0.236697 0.115596 0.040367 0.012844 0.00183486 0.00183486 0.00183486 
0.00183486 0.00366972 0.00366972 0.012844 0.0458716 0.117431 0.251376 0.477064 0.651376 0.776147 0.691743 0.493578 0.297248 0.163303 0.172477 0.295413 0.594495 0.774312 0.811009 0.649541 0.422018 0.2 0.0954128 0.0385321 0.0165138 0.00366972 0.00183486 0.00183486 
0.00183486 0.00366972 0.00366972 0.0110092 0.0477064 0.141284 0.344954 0.568807 0.752294 0.838532 0.710092 0.530275 0.33578 0.302752 0.32844 0.493578 0.746789 0.86055 0.836697 0.651376 0.427523 0.227523 0.121101 0.0605505 0.0256881 0.00366972 0.00183486 0.00183486 
0.00183486 0.00366972 0.00366972 0.0165138 0.0568807 0.2 0.429358 0.634862 0.792661 0.856881 0.814679 0.693578 0.587156 0.557798 0.563303 0.713761 0.880734 0.913761 0.836697 0.645872 0.442202 0.256881 0.165138 0.0733945 0.0330275 0.00366972 0.00183486 0.00183486 
0.00183486 0.00183486 0.00366972 0.0165138 0.0550459 0.218349 0.453211 0.66055 0.779817 0.838532 0.855046 0.838532 0.807339 0.790826 0.816514 0.86055 0.926606 0.924771 0.807339 0.625688 0.394495 0.245872 0.148624 0.0642202 0.0238532 0.00366972 0.00366972 0.00183486 
0.00183486 0.00183486 0.00183486 0.012844 0.0550459 0.207339 0.414679 0.576147 0.697248 0.763303 0.79633 0.807339 0.787156 0.801835 0.831193 0.880734 0.93211 0.889908 0.746789 0.533945 0.321101 0.19633 0.100917 0.0495413 0.0220183 0.00366972 0.00366972 0.00183486 
0.00183486 0.00183486 0.00183486 0.00366972 0.0256881 0.146789 0.273394 0.398165 0.486239 0.53211 0.544954 0.572477 0.570642 0.634862 0.713761 0.801835 0.851376 0.772477 0.588991 0.381651 0.234862 0.13578 0.0587156 0.0256881 0.0165138 0.00550459 0.00366972 0.00183486 
0.00183486 0.00183486 0.00183486 0.00183486 0.012844 0.0715596 0.133945 0.20367 0.238532 0.262385 0.278899 0.300917 0.368807 0.484404 0.605505 0.721101 0.713761 0.620183 0.392661 0.266055 0.152294 0.0862385 0.0385321 0.012844 0.00366972 0.00183486 0.00366972 0.00183486 
0.00183486 0.00183486 0.00183486 0.00183486 0.00366972 0.0275229 0.0623853 0.0697248 0.0752294 0.0880734 0.104587 0.155963 0.289908 0.414679 0.544954 0.618349 0.611009 0.502752 0.330275 0.222018 0.122936 0.0697248 0.0311927 0.00917431 0.00366972 0.00183486 0.00183486 0.00183486 
0.00183486 0.00183486 0.00183486 0.00183486 0.00366972 0.0110092 0.0220183 0.0275229 0.0385321 0.0495413 0.0825688 0.179817 0.284404 0.422018 0.511927 0.53211 0.53211 0.422018 0.295413 0.207339 0.121101 0.0697248 0.0348624 0.0110092 0.00366972 0.00183486 0.00183486 0.00183486 
0.00183486 0.00183486 0.00183486 0.00183486 0.00183486 0.00183486 0.00550459 0.0110092 0.0238532 0.0422018 0.106422 0.201835 0.313761 0.411009 0.453211 0.456881 0.466055 0.359633 0.26789 0.212844 0.126606 0.0752294 0.0385321 0.0165138 0.00550459 0.00366972 0.00183486 0.00183486 
0.00183486 0.00183486 0.00183486 0.00183486 0.00183486 0.00366972 0.00366972 0.0165138 0.0256881 0.066055 0.146789 0.229358 0.330275 0.390826 0.407339 0.407339 0.398165 0.346789 0.262385 0.212844 0.122936 0.0733945 0.040367 0.0183486 0.00733945 0.00366972 0.00183486 0.00183486 
0.00183486 0.00183486 0.00183486 0.00183486 0.00183486 0.00366972 0.00917431 0.0146789 0.0385321 0.093578 0.155963 0.234862 0.306422 0.361468 0.352294 0.363303 0.33945 0.319266 0.249541 0.183486 0.122936 0.0697248 0.0330275 0.0165138 0.00733945 0.00183486 0.00183486 0.00183486 
0.00183486 0.00183486 0.00183486 0.00183486 0.00183486 0.00183486 0.00733945 0.0110092 0.0311927 0.0825688 0.126606 0.176147 0.211009 0.227523 0.247706 0.236697 0.225688 0.209174 0.163303 0.115596 0.0715596 0.0348624 0.0201835 0.012844 0.00550459 0.00183486 0.00183486 0.00183486 
0.00183486 0.00183486 0.00183486 0.00183486 0.00183486 0.00183486 0.00183486 0.00550459 0.0110092 0.0311927 0.0348624 0.0330275 0.0385321 0.0587156 0.0825688 0.0844037 0.0697248 0.0458716 0.0275229 0.0220183 0.0183486 0.00917431 0.00550459 0.00550459 0.00366972 0.00183486 0.00183486 0.00183486 
0.00183486 0.00183486 0.00183486 0.00183486 0.00183486 0.00183486 0.00183486 0.00183486 0.00366972 0.00366972 0.00183486 0.00183486 0.00183486 0.00366972 0.00183486 0.00366972 0.00550459 0.00550459 0.00550459 0.00366972 0.00183486 0.00183486 0.00183486 0.00183486 0.00183486 0.00183486 0.00183486 0.00183486 
0.00183486 0.00183486 0.00183486 0.00183486 0.00183486 0.00183486 0.00183486 0.00183486 0.00183486 0.00183486 0.00183486 0.00183486 0.00183486 0.00183486 0.00183486 0.00183486 0.00183486 0.00183486 0.00183486 0.00183486 0.00183486 0.00183486 0.00183486 0.00183486 0.00183486 0.00183486 0.00183486 0.00183486 

0.00225225 0.00225225 0.00225225 0.00225225 0.00225225 0.00225225 0.00225225 0.00225225 0.00225225 0.00225225 0.00225225 0.00225225 0.00225225 0.00225225 0.00225225 0.00225225 0.00225225 0.00225225 0.00225225 0.00225225 0.00225225 0.00225225 0.00225225 0.00225225 0.00225225 0.00225225 0.00225225 0.00225225 
0.00225225 0.00225225 0.00225225 0.00225225 0.00225225 0.00225225 0.00225225 0.00225225 0.00225225 0.00225225 0.00225225 0.00225225 0.00225225 0.00225225 0.00225225 0.00225225 0.00225225 0.00225225 0.00225225 0.00225225 0.00225225 0.00225225 0.00225225 0.00225225 0.00225225 0.00225225 0.00225225 0.00225225 
0.00225225 0.00225225 0.00225225 0.00225225 0.00225225 0.00225225 0.00225225 0.00225225 0.00225225 0.00225225 0.00225225 0.00225225 0.00225225 0.00225225 0.00225225 0.00225225 0.00225225 0.00225225 0.00225225 0.00225225 0.00225225 0.00225225 0.00225225 0.00225225 0.00225225 0.00225225 0.00225225 0.00225225 
0.00225225 0.00225225 0.00225225 0.00225225 0.00225225 0.00225225 0.00225225 0.00225225 0.00225225 0.00225225 0.00225225 0.00675676 0.0112613 0.0157658 0.0202703 0.0247748 0.0225225 0.0157658 0.0112613 0.0157658 0.0157658 0.018018 0.018018 0.0135135 0.00900901 0.00225225 0.00225225 0.00225225 
0.00225225 0.00225225 0.00225225 0.00225225 0.00225225 0.00225225 0.00225225 0.0045045 0.0157658 0.0292793 0.045045 0.0743243 0.0878378 0.123874 0.13964 0.168919 0.18018 0.191441 0.189189 0.177928 0.168919 0.155405 0.123874 0.103604 0.0540541 0.0112613 0.00225225 0.00225225 
0.00225225 0.00225225 0.00225225 0.00225225 0.00225225 0.00225225 0.0112613 0.0382883 0.0653153 0.0990991 0.146396 0.216216 0.281532 0.337838 0.387387 0.421171 0.441441 0.45045 0.436937 0.432432 0.38964 0.333333 0.272523 0.209459 0.141892 0.0472973 0.00900901 0.00225225 
0.00225225 0.00225225 0.00225225 0.00225225 0.00225225 0.00675676 0.0292793 0.0585586 0.117117 0.177928 0.268018 0.367117 0.418919 0.506757 0.558559 0.587838 0.599099 0.583333 0.581081 0.567568 0.536036 0.466216 0.373874 0.331081 0.254505 0.128378 0.0225225 0.0045045 
0.00225225 0.00225225 0.00225225 0.00225225 0.00225225 0.0157658 0.0382883 0.0833333 0.15991 0.252252 0.358108 0.463964 0.572072 0.63964 0.65991 0.684685 0.673423 0.650901 0.605856 0.59009 0.563063 0.511261 0.434685 0.400901 0.317568 0.193694 0.0427928 0.0045045 
0.00225225 0.00225225 0.00225225 0.00225225 0.0045045 0.0202703 0.0427928 0.112613 0.216216 0.313063 0.423423 0.583333 0.650901 0.691441 0.686937 0.673423 0.623874 0.592342 0.567568 0.522523 0.490991 0.445946 0.400901 0.337838 0.274775 0.173423 0.045045 0.00675676 
0.00225225 0.00225225 0.00225225 0.00225225 0.00900901 0.0202703 0.0518018 0.141892 0.254505 0.38964 0.527027 0.637387 0.671171 0.673423 0.601351 0.506757 0.45045 0.427928 0.398649 0.367117 0.308559 0.261261 0.231982 0.211712 0.171171 0.103604 0.0225225 0.0045045 
0.00225225 0.00225225 0.00225225 0.00225225 0.00900901 0.018018 0.0630631 0.166667 0.31982 0.481982 0.655405 0.711712 0.731982 0.666667 0.547297 0.443694 0.344595 0.295045 0.254505 0.191441 0.164414 0.121622 0.0855856 0.0675676 0.0630631 0.036036 0.00675676 0.00225225 
0.00225225 0.00225225 0.00225225 0.00225225 0.0135135 0.0202703 0.0900901 0.207207 0.387387 0.576577 0.727477 0.786036 0.736486 0.623874 0.52027 0.412162 0.342342 0.25 0.175676 0.114865 0.0675676 0.0382883 0.0225225 0.018018 0.018018 0.0112613 0.0045045 0.00225225 
0.00225225 0.00225225 0.00225225 0.00225225 0.0112613 0.0247748 0.114865 0.247748 0.454955 0.662162 0.768018 0.801802 0.747748 0.632883 0.531532 0.445946 0.378378 0.304054 0.236486 0.148649 0.0923423 0.0495495 0.018018 0.018018 0.0045045 0.0045045 0.00225225 0.00225225 
0.00225225 0.00225225 0.00225225 0.00225225 0.0112613 0.0337838 0.112613 0.261261 0.475225 0.68018 0.777027 0.824324 0.747748 0.693694 0.603604 0.551802 0.47973 0.425676 0.335586 0.238739 0.157658 0.0765766 0.0315315 0.00900901 0.00675676 0.00225225 0.00225225 0.00225225 
0.00225225 0.00225225 0.00225225 0.00225225 0.00900901 0.0337838 0.11036 0.256757 0.432432 0.612613 0.695946 0.727477 0.704955 0.662162 0.623874 0.576577 0.560811 0.506757 0.439189 0.326577 0.225225 0.128378 0.0472973 0.0202703 0.00900901 0.00225225 0.00225225 0.00225225 
0.00225225 0.00225225 0.00225225 0.00675676 0.0135135 0.0405405 0.0945946 0.166667 0.313063 0.425676 0.504505 0.527027 0.531532 0.511261 0.511261 0.515766 0.522523 0.531532 0.470721 0.412162 0.281532 0.15991 0.0765766 0.0292793 0.00900901 0.0045045 0.00225225 0.00225225 
0.00225225 0.00225225 0.00225225 0.00675676 0.0292793 0.0518018 0.0878378 0.132883 0.184685 0.259009 0.304054 0.322072 0.322072 0.355856 0.394144 0.441441 0.490991 0.542793 0.511261 0.432432 0.317568 0.202703 0.0945946 0.0405405 0.0112613 0.0045045 0.00225225 0.00225225 
0.00225225 0.00225225 0.00225225 0.00675676 0.0315315 0.0900901 0.166667 0.168919 0.157658 0.141892 0.162162 0.162162 0.186937 0.247748 0.317568 0.416667 0.495495 0.531532 0.531532 0.45045 0.346847 0.220721 0.119369 0.0563063 0.00900901 0.0045045 0.00225225 0.00225225 
0.00225225 0.00225225 0.0045045 0.0045045 0.0427928 0.155405 0.277027 0.301802 0.222973 0.171171 0.132883 0.126126 0.150901 0.238739 0.335586 0.427928 0.536036 0.556306 0.556306 0.445946 0.34009 0.218468 0.121622 0.0608108 0.00900901 0.0045045 0.00225225 0.00225225 
0.00225225 0.00225225 0.00675676 0.00900901 0.0495495 0.191441 0.382883 0.459459 0.40991 0.346847 0.283784 0.268018 0.297297 0.362613 0.445946 0.513514 0.565315 0.59009 0.567568 0.443694 0.306306 0.204955 0.11036 0.0518018 0.0112613 0.0045045 0.00225225 0.00225225 
0.00225225 0.00225225 0.00675676 0.00900901 0.0405405 0.193694 0.43018 0.547297 0.56982 0.533784 0.511261 0.477477 0.495495 0.542793 0.565315 0.612613 0.612613 0.594595 0.527027 0.391892 0.27027 0.164414 0.0675676 0.045045 0.0157658 0.00225225 0.00225225 0.00225225 
0.00225225 0.00225225 0.00225225 0.0045045 0.0337838 0.162162 0.367117 0.54955 0.623874 0.682432 0.689189 0.689189 0.68018 0.677928 0.671171 0.671171 0.635135 0.585586 0.443694 0.324324 0.218468 0.114865 0.0540541 0.0315315 0.0112613 0.00225225 0.00225225 0.00225225 
0.00225225 0.00225225 0.00225225 0.00225225 0.0157658 0.0833333 0.252252 0.403153 0.536036 0.65991 0.731982 0.734234 0.720721 0.720721 0.70045 0.641892 0.583333 0.459459 0.351351 0.213964 0.123874 0.0653153 0.036036 0.0202703 0.00675676 0.00225225 0.00225225 0.00225225 
0.00225225 0.00225225 0.00225225 0.00225225 0.00900901 0.027027 0.130631 0.234234 0.344595 0.477477 0.56982 0.619369 0.626126 0.603604 0.574324 0.511261 0.398649 0.301802 0.184685 0.117117 0.0608108 0.036036 0.0202703 0.00900901 0.0045045 0.00225225 0.00225225 0.00225225 
0.00225225 0.00225225 0.00225225 0.00225225 0.00675676 0.00900901 0.0382883 0.0743243 0.132883 0.195946 0.25 0.290541 0.313063 0.308559 0.283784 0.222973 0.15991 0.114865 0.0675676 0.036036 0.0315315 0.018018 0.0112613 0.0045045 0.00225225 0.00225225 0.00225225 0.00225225 
0.00225225 0.00225225 0.00225225 0.00225225 0.00225225 0.0045045 0.00900901 0.0225225 0.0315315 0.0540541 0.0608108 0.0630631 0.0608108 0.0540541 0.0495495 0.0292793 0.0247748 0.018018 0.0112613 0.0045045 0.00225225 0.00225225 0.00225225 0.00225225 0.00225225 0.00225225 0.00225225 0.00225225 
0.00225225 0.00225225 0.00225225 0.00225225 0.00225225 0.00225225 0.0045045 0.0045045 0.00675676 0.00675676 0.00900901 0.00900901 0.0112613 0.00900901 0.0045045 0.0045045 0.0045045 0.0045045 0.0045045 0.00225225 0.00225225 0.00225225 0.00225225 0.00225225 0.00225225 0.00225225 0.00225225 0.00225225 
0.00225225 0.00225225 0.00225225 0.00225225 0.00225225 0.00225225 0.00225225 0.00225225 0.00225225 0.00225225 0.00225225 0.00225225 0.00225225 0.00225225 0.00225225 0.00225225 0.00225225 0.00225225 0.00225225 0.00225225 0.00225225 0.00225225 0.00225225 0.00225225 0.00225225 0.00225225 0.00225225 0.00225225 

0.00195695 0.00195695 0.00195695 0.00195695 0.00195695 0.00195695 0.00195695 0.00195695 0.00195695 0.00195695 0.00195695 0.00195695 0.00195695 0.00195695 0.00195695 0.00195695 0.00195695 0.00195695 0.00195695 0.00195695 0.00195695 0.00195695 0.00195695 0.00195695 0.00195695 0.00195695 0.00195695 0.00195695 
0.00195695 0.00195695 0.00195695 0.00195695 0.00195695 0.00195695 0.00195695 0.00391389 0.00587084 0.00587084 0.00978474 0.00782779 0.00978474 0.00978474 0.0117417 0.0156556 0.0117417 0.00978474 0.00782779 0.00782779 0.00782779 0.00587084 0.00391389 0.00195695 0.00195695 0.00195695 0.00195695 0.00195695 
0.00195695 0.00195695 0.00195695 0.00195695 0.00391389 0.00195695 0.00391389 0.00782779 0.00978474 0.0156556 0.0332681 0.0430528 0.0567515 0.103718 0.148728 0.205479 0.264188 0.266145 0.217221 0.148728 0.0841487 0.0391389 0.0156556 0.00391389 0.00195695 0.00195695 0.00195695 0.00195695 
0.00195695 0.00195695 0.00195695 0.00195695 0.00195695 0.00391389 0.00782779 0.00782779 0.0136986 0.0332681 0.0547945 0.0900196 0.135029 0.217221 0.34638 0.469667 0.542074 0.551859 0.448141 0.320939 0.178082 0.074364 0.0332681 0.0117417 0.00391389 0.00195695 0.00195695 0.00195695 
0.00195695 0.00195695 0.00195695 0.00195695 0.00195695 0.00782779 0.00782779 0.0117417 0.0234834 0.0528376 0.0958904 0.152642 0.213307 0.340509 0.499022 0.596869 0.663405 0.624266 0.479452 0.315068 0.183953 0.0841487 0.0313112 0.0195695 0.00587084 0.00195695 0.00195695 0.00195695 
0.00195695 0.00195695 0.00195695 0.00195695 0.00195695 0.00782779 0.00978474 0.0156556 0.0313112 0.0861057 0.129159 0.213307 0.334638 0.473581 0.60274 0.677104 0.657534 0.542074 0.381605 0.248532 0.136986 0.0489237 0.0273973 0.0176125 0.00587084 0.00391389 0.00391389 0.00195695 
0.00195695 0.00195695 0.00391389 0.00195695 0.00195695 0.00391389 0.0136986 0.0254403 0.0587084 0.107632 0.18591 0.303327 0.448141 0.594912 0.690802 0.675147 0.569472 0.389432 0.254403 0.135029 0.0567515 0.0313112 0.0156556 0.00978474 0.00587084 0.00391389 0.00391389 0.00391389 
0.00195695 0.00195695 0.00195695 0.00195695 0.00195695 0.00587084 0.0136986 0.0332681 0.074364 0.16047 0.258317 0.39726 0.559687 0.677104 0.690802 0.579256 0.422701 0.262231 0.138943 0.0626223 0.0273973 0.0156556 0.0136986 0.00782779 0.00587084 0.00391389 0.00391389 0.00391389 
0.00195695 0.00195695 0.00195695 0.00195695 0.00195695 0.00978474 0.0176125 0.0469667 0.113503 0.221135 0.344423 0.526419 0.651663 0.706458 0.62818 0.465753 0.289628 0.16047 0.0587084 0.035225 0.0195695 0.0156556 0.0156556 0.0117417 0.00391389 0.00195695 0.00391389 0.00195695 
0.00195695 0.00195695 0.00195695 0.00195695 0.00195695 0.0117417 0.0332681 0.0763209 0.166341 0.287671 0.448141 0.634051 0.694716 0.682975 0.51272 0.340509 0.180039 0.0645793 0.037182 0.0313112 0.035225 0.0293542 0.0195695 0.0136986 0.00391389 0.00195695 0.00195695 0.00195695 
0.00195695 0.00195695 0.00195695 0.00195695 0.00195695 0.00978474 0.0547945 0.0998043 0.221135 0.385519 0.565558 0.708415 0.710372 0.604697 0.410959 0.223092 0.113503 0.072407 0.0821918 0.0998043 0.0978474 0.0704501 0.0508806 0.0293542 0.0117417 0.00391389 0.00195695 0.00195695 
0.00195695 0.00195695 0.00195695 0.00195695 0.00195695 0.0234834 0.0606654 0.133072 0.272016 0.459883 0.659491 0.727984 0.677104 0.522505 0.313112 0.180039 0.162427 0.227006 0.266145 0.270059 0.228963 0.174168 0.0978474 0.0645793 0.0391389 0.00587084 0.00195695 0.00195695 
0.00195695 0.00195695 0.00195695 0.00195695 0.00391389 0.0273973 0.0841487 0.176125 0.344423 0.569472 0.729941 0.749511 0.62818 0.444227 0.324853 0.317025 0.410959 0.471624 0.489237 0.463796 0.39726 0.291585 0.189824 0.103718 0.0587084 0.0195695 0.00195695 0.00195695 
0.00195695 0.00195695 0.00195695 0.00195695 0.00587084 0.0313112 0.109589 0.21135 0.448141 0.64775 0.759295 0.741683 0.581213 0.457926 0.448141 0.547945 0.641879 0.669276 0.643836 0.592955 0.530333 0.420744 0.248532 0.152642 0.0821918 0.0293542 0.00195695 0.00195695 
0.00195695 0.00195695 0.00195695 0.00195695 0.00587084 0.0410959 0.135029 0.279843 0.520548 0.714286 0.778865 0.704501 0.55773 0.547945 0.649706 0.763209 0.808219 0.763209 0.688845 0.630137 0.58317 0.479452 0.309198 0.170254 0.0782779 0.0273973 0.00195695 0.00195695 
0.00195695 0.00195695 0.00195695 0.00195695 0.00391389 0.0391389 0.154599 0.332681 0.585127 0.749511 0.778865 0.682975 0.598826 0.645793 0.722114 0.782779 0.74364 0.696673 0.665362 0.643836 0.608611 0.524462 0.328767 0.193738 0.0841487 0.0234834 0.00195695 0.00195695 
0.00195695 0.00195695 0.00195695 0.00195695 0.00391389 0.0489237 0.156556 0.344423 0.622309 0.780822 0.808219 0.710372 0.645793 0.704501 0.735812 0.69863 0.624266 0.598826 0.624266 0.686888 0.655577 0.510763 0.318982 0.166341 0.0802348 0.0254403 0.00195695 0.00195695 
0.00195695 0.00195695 0.00195695 0.00195695 0.00391389 0.0410959 0.154599 0.363992 0.622309 0.790607 0.83953 0.755382 0.714286 0.702544 0.661448 0.565558 0.55773 0.592955 0.69863 0.747554 0.65362 0.497065 0.272016 0.125245 0.0665362 0.0195695 0.00391389 0.00195695 
0.00195695 0.00195695 0.00195695 0.00195695 0.00391389 0.0234834 0.123288 0.334638 0.579256 0.798434 0.870841 0.841487 0.812133 0.722114 0.651663 0.630137 0.675147 0.751468 0.78865 0.745597 0.60274 0.362035 0.203523 0.0958904 0.0489237 0.0117417 0.00391389 0.00195695 
0.00195695 0.00195695 0.00195695 0.00195695 0.00391389 0.0136986 0.0841487 0.25636 0.491194 0.722114 0.866928 0.911937 0.868885 0.819961 0.810176 0.790607 0.83953 0.847358 0.802348 0.659491 0.428571 0.264188 0.107632 0.0626223 0.0215264 0.00391389 0.00195695 0.00195695 
0.00195695 0.00195695 0.00195695 0.00195695 0.00391389 0.0117417 0.0508806 0.162427 0.342466 0.569472 0.778865 0.892368 0.927593 0.923679 0.915851 0.894325 0.861057 0.796477 0.641879 0.440313 0.266145 0.123288 0.0587084 0.0254403 0.00782779 0.00391389 0.00195695 0.00195695 
0.00195695 0.00195695 0.00195695 0.00195695 0.00195695 0.00587084 0.0195695 0.0782779 0.170254 0.342466 0.553816 0.735812 0.843444 0.8591 0.855186 0.792564 0.708415 0.544031 0.367906 0.209393 0.113503 0.0450098 0.0215264 0.00587084 0.00195695 0.00195695 0.00195695 0.00195695 
0.00195695 0.00195695 0.00195695 0.00195695 0.00195695 0.00195695 0.00587084 0.0293542 0.0450098 0.0998043 0.191781 0.27593 0.34638 0.383562 0.367906 0.328767 0.266145 0.181996 0.111546 0.0606654 0.0215264 0.00978474 0.00391389 0.00195695 0.00195695 0.00195695 0.00195695 0.00195695 
0.00195695 0.00195695 0.00195695 0.00195695 0.00195695 0.00195695 0.00195695 0.00587084 0.00978474 0.0117417 0.0176125 0.0234834 0.035225 0.0410959 0.0410959 0.037182 0.0293542 0.0176125 0.0117417 0.00978474 0.00587084 0.00195695 0.00195695 0.00195695 0.00195695 0.00195695 0.00195695 0.00195695 
0.00195695 0.00195695 0.00195695 0.00195695 0.00195695 0.00195695 0.00195695 0.00195695 0.00195695 0.00195695 0.00195695 0.00195695 0.00195695 0.00195695 0.00195695 0.00195695 0.00195695 0.00195695 0.00195695 0.00195695 0.00195695 0.00195695 0.00195695 0.00195695 0.00195695 0.00195695 0.00195695 0.00195695 
0.00195695 0.00195695 0.00195695 0.00195695 0.00195695 0.00195695 0.00195695 0.00195695 0.00195695 0.00195695 0.00195695 0.00195695 0.00195695 0.00195695 0.00195695 0.00195695 0.00195695 0.00195695 0.00195695 0.00195695 0.00195695 0.00195695 0.00195695 0.00195695 0.00195695 0.00195695 0.00195695 0.00195695 
0.00195695 0.00195695 0.00195695 0.00195695 0.00195695 0.00195695 0.00195695 0.00195695 0.00195695 0.00195695 0.00195695 0.00195695 0.00195695 0.00195695 0.00195695 0.00195695 0.00195695 0.00195695 0.00195695 0.00195695 0.00195695 0.00195695 0.00195695 0.00195695 0.00195695 0.00195695 0.00195695 0.00195695 
0.00195695 0.00195695 0.00195695 0.00195695 0.00195695 0.00195695 0.00195695 0.00195695 0.00195695 0.00195695 0.00195695 0.00195695 0.00195695 0.00195695 0.00195695 0.00195695 0.00195695 0.00195695 0.00195695 0.00195695 0.00195695 0.00195695 0.00195695 0.00195695 0.00195695 0.00195695 0.00195695 0.00195695 

0.00178571 0.00178571 0.00178571 0.00178571 0.00178571 0.00178571 0.00178571 0.00178571 0.00178571 0.00178571 0.00178571 0.00178571 0.00178571 0.00178571 0.00178571 0.00178571 0.00178571 0.00178571 0.00178571 0.00178571 0.00178571 0.00178571 0.00178571 0.00178571 0.00178571 0.00178571 0.00178571 0.00178571 
0.00178571 0.00178571 0.00178571 0.00178571 0.00178571 0.00178571 0.00178571 0.00178571 0.00178571 0.00178571 0.00178571 0.00178571 0.00178571 0.00178571 0.00178571 0.00178571 0.00178571 0.00178571 0.00178571 0.00178571 0.00178571 0.00178571 0.00178571 0.00178571 0.00178571 0.00178571 0.00178571 0.00178571 
0.00178571 0.00178571 0.00178571 0.00178571 0.00178571 0.00178571 0.00178571 0.00178571 0.00178571 0.00178571 0.00178571 0.00178571 0.00178571 0.00178571 0.00178571 0.00178571 0.00178571 0.00178571 0.00178571 0.00178571 0.00178571 0.00178571 0.00178571 0.00178571 0.00178571 0.00178571 0.00178571 0.00178571 
0.00178571 0.00178571 0.00178571 0.00178571 0.00178571 0.00178571 0.00178571 0.00178571 0.00178571 0.00178571 0.00178571 0.00178571 0.00178571 0.00178571 0.00178571 0.00178571 0.00178571 0.00178571 0.00178571 0.00178571 0.00178571 0.00178571 0.00178571 0.00178571 0.00178571 0.00178571 0.00178571 0.00178571 
0.00178571 0.00178571 0.00178571 0.00178571 0.00178571 0.00178571 0.00178571 0.00178571 0.00178571 0.00178571 0.00178571 0.00357143 0.00357143 0.00357143 0.00357143 0.00357143 0.00178571 0.00178571 0.00178571 0.00178571 0.00178571 0.00178571 0.00178571 0.00178571 0.00178571 0.00178571 0.00178571 0.00178571 
0.00178571 0.00178571 0.00178571 0.00178571 0.00178571 0.00357143 0.00357143 0.00892857 0.0107143 0.0125 0.0160714 0.0160714 0.0178571 0.0160714 0.0178571 0.0160714 0.0142857 0.00714286 0.00357143 0.00178571 0.00178571 0.00357143 0.00357143 0.00178571 0.00178571 0.00178571 0.00178571 0.00178571 
0.00178571 0.00178571 0.00178571 0.00178571 0.00892857 0.0214286 0.0392857 0.0589286 0.0732143 0.0857143 0.119643 0.123214 0.144643 0.1625 0.167857 0.164286 0.157143 0.135714 0.116071 0.0732143 0.0446429 0.0285714 0.0232143 0.0107143 0.00178571 0.00178571 0.00178571 0.00178571 
0.00357143 0.00357143 0.00535714 0.0178571 0.05 0.0892857 0.166071 0.219643 0.3 0.403571 0.453571 0.514286 0.555357 0.585714 0.607143 0.605357 0.617857 0.591071 0.542857 0.448214 0.308929 0.189286 0.0892857 0.0303571 0.00714286 0.00178571 0.00178571 0.00178571 
0.00357143 0.00535714 0.0178571 0.05 0.116071 0.205357 0.314286 0.444643 0.566071 0.651786 0.739286 0.785714 0.817857 0.825 0.835714 0.855357 0.842857 0.817857 0.792857 0.680357 0.496429 0.346429 0.166071 0.0642857 0.0107143 0.00178571 0.00178571 0.00178571 
0.00357143 0.0107143 0.0285714 0.0678571 0.153571 0.276786 0.3875 0.55 0.678571 0.775 0.828571 0.853571 0.857143 0.853571 0.842857 0.864286 0.901786 0.9 0.860714 0.755357 0.594643 0.398214 0.198214 0.0767857 0.0125 0.00178571 0.00178571 0.00178571 
0.00178571 0.00892857 0.0285714 0.075 0.171429 0.275 0.3875 0.532143 0.641071 0.705357 0.733929 0.701786 0.648214 0.616071 0.592857 0.635714 0.728571 0.839286 0.857143 0.766071 0.594643 0.383929 0.173214 0.0607143 0.0125 0.00178571 0.00178571 0.00178571 
0.00178571 0.00714286 0.0214286 0.0678571 0.139286 0.194643 0.301786 0.432143 0.505357 0.533929 0.485714 0.421429 0.360714 0.319643 0.294643 0.414286 0.608929 0.766071 0.839286 0.744643 0.5625 0.333929 0.148214 0.0517857 0.00892857 0.00178571 0.00178571 0.00178571 
0.00178571 0.00357143 0.0178571 0.0517857 0.1 0.146429 0.241071 0.308929 0.358929 0.360714 0.316071 0.2375 0.175 0.151786 0.183929 0.330357 0.571429 0.780357 0.823214 0.676786 0.498214 0.269643 0.110714 0.0375 0.00535714 0.00178571 0.00178571 0.00178571 
0.00178571 0.00357143 0.00714286 0.0321429 0.0642857 0.0946429 0.155357 0.210714 0.232143 0.2375 0.189286 0.130357 0.0928571 0.0839286 0.164286 0.383929 0.653571 0.808929 0.8 0.6375 0.392857 0.203571 0.0821429 0.0214286 0.00535714 0.00357143 0.00178571 0.00178571 
0.00178571 0.00178571 0.00357143 0.0142857 0.0464286 0.0714286 0.1125 0.153571 0.167857 0.142857 0.105357 0.0821429 0.0767857 0.1 0.225 0.510714 0.748214 0.816071 0.776786 0.542857 0.3 0.157143 0.0714286 0.0303571 0.0107143 0.00714286 0.00178571 0.00178571 
0.00178571 0.00178571 0.00178571 0.00714286 0.0357143 0.0571429 0.0767857 0.114286 0.108929 0.103571 0.0982143 0.0946429 0.107143 0.169643 0.4 0.651786 0.819643 0.844643 0.703571 0.4375 0.266071 0.126786 0.0714286 0.0339286 0.0125 0.00714286 0.00178571 0.00178571 
0.00178571 0.00178571 0.00178571 0.00535714 0.0232143 0.0464286 0.0642857 0.0803571 0.0982143 0.0982143 0.1 0.117857 0.144643 0.285714 0.560714 0.744643 0.842857 0.8 0.582143 0.366071 0.2 0.0982143 0.0482143 0.0267857 0.00892857 0.00357143 0.00178571 0.00178571 
0.00178571 0.00178571 0.00178571 0.00535714 0.0178571 0.0303571 0.0375 0.0607143 0.0732143 0.075 0.0928571 0.135714 0.217857 0.442857 0.666071 0.819643 0.830357 0.658929 0.428571 0.255357 0.126786 0.0553571 0.0339286 0.0178571 0.0107143 0.00535714 0.00178571 0.00178571 
0.00178571 0.00178571 0.00535714 0.00535714 0.00892857 0.00892857 0.0178571 0.0285714 0.0464286 0.0517857 0.0821429 0.15 0.317857 0.535714 0.732143 0.805357 0.728571 0.498214 0.323214 0.160714 0.0803571 0.0357143 0.0160714 0.00892857 0.00535714 0.00178571 0.00178571 0.00178571 
0.00178571 0.00178571 0.00535714 0.00357143 0.00357143 0.00357143 0.00535714 0.0125 0.0178571 0.0357143 0.0928571 0.216071 0.430357 0.614286 0.751786 0.760714 0.594643 0.371429 0.230357 0.0875 0.0535714 0.025 0.00892857 0.00357143 0.00357143 0.00178571 0.00178571 0.00178571 
0.00178571 0.00178571 0.00178571 0.00178571 0.00178571 0.00178571 0.00535714 0.0125 0.0196429 0.0678571 0.164286 0.344643 0.516071 0.669643 0.728571 0.6375 0.476786 0.294643 0.157143 0.0642857 0.0392857 0.0178571 0.00714286 0.00178571 0.00178571 0.00178571 0.00178571 0.00178571 
0.00178571 0.00178571 0.00178571 0.00178571 0.00178571 0.00535714 0.00892857 0.0196429 0.0553571 0.1375 0.257143 0.4375 0.558929 0.667857 0.630357 0.519643 0.394643 0.241071 0.114286 0.0482143 0.0321429 0.0142857 0.00357143 0.00178571 0.00178571 0.00178571 0.00178571 0.00178571 
0.00178571 0.00178571 0.00178571 0.00178571 0.00357143 0.00714286 0.0142857 0.0392857 0.105357 0.208929 0.369643 0.467857 0.571429 0.605357 0.548214 0.453571 0.326786 0.194643 0.0946429 0.0410714 0.0303571 0.0160714 0.00714286 0.00178571 0.00178571 0.00178571 0.00178571 0.00178571 
0.00178571 0.00178571 0.00178571 0.00178571 0.00535714 0.0160714 0.0285714 0.0892857 0.167857 0.285714 0.398214 0.4875 0.542857 0.510714 0.464286 0.394643 0.291071 0.157143 0.0821429 0.0375 0.0285714 0.0125 0.00535714 0.00178571 0.00178571 0.00178571 0.00178571 0.00178571 
0.00178571 0.00178571 0.00178571 0.00178571 0.00714286 0.0214286 0.0517857 0.125 0.225 0.3375 0.416071 0.45 0.483929 0.428571 0.407143 0.333929 0.260714 0.157143 0.0821429 0.0357143 0.0267857 0.0142857 0.00714286 0.00178571 0.00178571 0.00178571 0.00178571 0.00178571 
0.00178571 0.00178571 0.00178571 0.00178571 0.00357143 0.025 0.0696429 0.148214 0.235714 0.321429 0.367857 0.398214 0.380357 0.355357 0.351786 0.280357 0.223214 0.146429 0.075 0.0339286 0.0232143 0.0142857 0.00892857 0.00357143 0.00178571 0.00178571 0.00178571 0.00178571 
0.00178571 0.00178571 0.00178571 0.00178571 0.00357143 0.0125 0.05 0.1 0.158929 0.194643 0.232143 0.253571 0.228571 0.208929 0.203571 0.191071 0.130357 0.0964286 0.0553571 0.0303571 0.0196429 0.0125 0.00714286 0.00357143 0.00178571 0.00178571 0.00178571 0.00178571 
0.00178571 0.00178571 0.00178571 0.00178571 0.00178571 0.00357143 0.00714286 0.0107143 0.0142857 0.0160714 0.025 0.0357143 0.0464286 0.0482143 0.0446429 0.0357143 0.0285714 0.025 0.0142857 0.00714286 0.00357143 0.00535714 0.00535714 0.00178571 0.00178571 0.00178571 0.00178571 0.00178571 

0.00211864 0.00211864 0.00211864 0.00211864 0.00211864 0.00211864 0.00211864 0.00211864 0.00211864 0.00211864 0.00211864 0.00211864 0.00211864 0.00211864 0.00211864 0.00211864 0.00211864 0.00211864 0.00211864 0.00211864 0.00211864 0.00211864 0.00211864 0.00211864 0.00211864 0.00211864 0.00211864 0.00211864 
0.00211864 0.00211864 0.00211864 0.00211864 0.00211864 0.00211864 0.00211864 0.00211864 0.00211864 0.00211864 0.00211864 0.00211864 0.00211864 0.00211864 0.00211864 0.00211864 0.00211864 0.00211864 0.00211864 0.00211864 0.00211864 0.00211864 0.00211864 0.00211864 0.00211864 0.00211864 0.00211864 0.00211864 
0.00211864 0.00211864 0.00211864 0.00211864 0.00211864 0.00211864 0.00211864 0.00211864 0.00211864 0.00211864 0.00211864 0.00211864 0.00211864 0.00211864 0.00211864 0.00211864 0.00211864 0.00211864 0.00211864 0.00211864 0.00211864 0.00211864 0.00211864 0.00211864 0.00211864 0.00211864 0.00211864 0.00211864 
0.00211864 0.00211864 0.00211864 0.00211864 0.00211864 0.00211864 0.00211864 0.00211864 0.00211864 0.00211864 0.00423729 0.00423729 0.00635593 0.00847458 0.00847458 0.0105932 0.0127119 0.0105932 0.0105932 0.00635593 0.00423729 0.00211864 0.00211864 0.00211864 0.00211864 0.00211864 0.00211864 0.00211864 
0.00211864 0.00211864 0.00211864 0.00211864 0.00211864 0.00423729 0.00211864 0.00423729 0.00635593 0.0105932 0.0190678 0.0444915 0.0826271 0.120763 0.169492 0.211864 0.226695 0.222458 0.186441 0.135593 0.0911017 0.0444915 0.0190678 0.0105932 0.00423729 0.00211864 0.00211864 0.00211864 
0.00211864 0.00211864 0.00211864 0.00211864 0.00211864 0.00211864 0.00423729 0.00847458 0.0211864 0.0762712 0.15678 0.294492 0.404661 0.544492 0.667373 0.754237 0.783898 0.728814 0.629237 0.487288 0.341102 0.224576 0.118644 0.0572034 0.0275424 0.00847458 0.00635593 0.00211864 
0.00211864 0.00211864 0.00211864 0.00211864 0.00423729 0.00211864 0.0127119 0.0360169 0.108051 0.226695 0.368644 0.53178 0.669492 0.805085 0.868644 0.872881 0.872881 0.834746 0.771186 0.648305 0.508475 0.366525 0.226695 0.120763 0.059322 0.0169492 0.0105932 0.00635593 
0.00211864 0.00211864 0.00211864 0.00211864 0.00423729 0.0105932 0.029661 0.103814 0.213983 0.375 0.521186 0.667373 0.743644 0.811441 0.811441 0.792373 0.760593 0.75 0.733051 0.667373 0.563559 0.440678 0.309322 0.182203 0.0868644 0.0254237 0.0127119 0.00635593 
0.00211864 0.00211864 0.00211864 0.00211864 0.00635593 0.0254237 0.0699153 0.150424 0.288136 0.472458 0.625 0.705508 0.735169 0.677966 0.599576 0.533898 0.523305 0.557203 0.622881 0.622881 0.576271 0.493644 0.389831 0.222458 0.112288 0.0338983 0.0127119 0.00423729 
0.00211864 0.00211864 0.00211864 0.00211864 0.0148305 0.0381356 0.0974576 0.17161 0.319915 0.497881 0.641949 0.67161 0.633475 0.521186 0.415254 0.32839 0.387712 0.497881 0.616525 0.658898 0.633475 0.516949 0.377119 0.237288 0.116525 0.0360169 0.00423729 0.00211864 
0.00211864 0.00211864 0.00211864 0.00211864 0.0148305 0.0487288 0.0911017 0.197034 0.294492 0.485169 0.625 0.665254 0.612288 0.466102 0.362288 0.32839 0.434322 0.559322 0.690678 0.699153 0.652542 0.480932 0.298729 0.180085 0.0783898 0.0148305 0.00423729 0.00211864 
0.00211864 0.00211864 0.00211864 0.00211864 0.0148305 0.0487288 0.0932203 0.186441 0.283898 0.425847 0.591102 0.667373 0.654661 0.563559 0.425847 0.461864 0.588983 0.726695 0.75 0.682203 0.538136 0.358051 0.199153 0.0932203 0.0317797 0.0127119 0.00423729 0.00423729 
0.00211864 0.00211864 0.00211864 0.00211864 0.0127119 0.0381356 0.0847458 0.144068 0.243644 0.389831 0.53178 0.677966 0.724576 0.673729 0.612288 0.692797 0.78178 0.807203 0.690678 0.542373 0.372881 0.20339 0.101695 0.0381356 0.0254237 0.00847458 0.00423729 0.00423729 
0.00211864 0.00211864 0.00211864 0.00211864 0.0105932 0.0275424 0.059322 0.118644 0.199153 0.315678 0.457627 0.675847 0.819915 0.838983 0.822034 0.849576 0.885593 0.777542 0.548729 0.349576 0.194915 0.103814 0.059322 0.029661 0.0169492 0.00847458 0.00211864 0.00211864 
0.00211864 0.00211864 0.00211864 0.00211864 0.00211864 0.0190678 0.0402542 0.0847458 0.154661 0.25 0.425847 0.67161 0.866525 0.90678 0.92161 0.932203 0.877119 0.665254 0.415254 0.211864 0.112288 0.0614407 0.0338983 0.0211864 0.0127119 0.00423729 0.00211864 0.00211864 
0.00211864 0.00211864 0.00211864 0.00211864 0.00211864 0.0105932 0.029661 0.0572034 0.114407 0.25 0.463983 0.730932 0.881356 0.932203 0.917373 0.900424 0.771186 0.542373 0.338983 0.173729 0.105932 0.0529661 0.0254237 0.0233051 0.0127119 0.00211864 0.00211864 0.00211864 
0.00211864 0.00211864 0.00211864 0.00211864 0.00423729 0.0148305 0.0317797 0.065678 0.150424 0.358051 0.59322 0.79661 0.864407 0.872881 0.822034 0.790254 0.699153 0.519068 0.351695 0.205508 0.116525 0.0720339 0.0317797 0.0211864 0.0127119 0.00211864 0.00211864 0.00211864 
0.00211864 0.00211864 0.00211864 0.00211864 0.00635593 0.0169492 0.0466102 0.139831 0.275424 0.506356 0.733051 0.815678 0.769068 0.697034 0.673729 0.650424 0.629237 0.523305 0.366525 0.243644 0.139831 0.0868644 0.0550847 0.029661 0.0127119 0.00211864 0.00211864 0.00211864 
0.00211864 0.00211864 0.00211864 0.00211864 0.00635593 0.0317797 0.0932203 0.235169 0.408898 0.635593 0.743644 0.745763 0.639831 0.542373 0.514831 0.580508 0.574153 0.516949 0.387712 0.260593 0.184322 0.108051 0.065678 0.0338983 0.0127119 0.00211864 0.00211864 0.00211864 
0.00211864 0.00211864 0.00211864 0.00211864 0.00635593 0.0572034 0.139831 0.315678 0.489407 0.669492 0.726695 0.618644 0.483051 0.447034 0.463983 0.529661 0.548729 0.504237 0.425847 0.300847 0.186441 0.116525 0.0614407 0.0317797 0.0105932 0.00211864 0.00211864 0.00211864 
0.00211864 0.00211864 0.00211864 0.00211864 0.00847458 0.0720339 0.20339 0.366525 0.548729 0.707627 0.654661 0.574153 0.476695 0.476695 0.525424 0.536017 0.561441 0.544492 0.449153 0.317797 0.190678 0.116525 0.0529661 0.0275424 0.00847458 0.00211864 0.00211864 0.00211864 
0.00211864 0.00211864 0.00211864 0.00211864 0.0105932 0.0847458 0.20339 0.375 0.557203 0.665254 0.697034 0.677966 0.654661 0.665254 0.67161 0.633475 0.601695 0.53178 0.413136 0.298729 0.17161 0.0932203 0.0487288 0.0233051 0.00635593 0.00211864 0.00211864 0.00211864 
0.00211864 0.00211864 0.00211864 0.00211864 0.00635593 0.0741525 0.180085 0.34322 0.504237 0.650424 0.788136 0.834746 0.862288 0.838983 0.779661 0.692797 0.580508 0.487288 0.375 0.241525 0.131356 0.059322 0.0423729 0.0148305 0.00635593 0.00211864 0.00211864 0.00211864 
0.00211864 0.00211864 0.00211864 0.00211864 0.00211864 0.0487288 0.133475 0.252119 0.396186 0.542373 0.692797 0.811441 0.858051 0.838983 0.735169 0.605932 0.485169 0.385593 0.254237 0.150424 0.0635593 0.0338983 0.0233051 0.00635593 0.00423729 0.00211864 0.00211864 0.00211864 
0.00211864 0.00211864 0.00211864 0.00211864 0.00211864 0.0169492 0.0635593 0.118644 0.201271 0.288136 0.389831 0.46822 0.510593 0.497881 0.432203 0.351695 0.271186 0.20339 0.122881 0.0677966 0.0360169 0.0233051 0.00635593 0.00211864 0.00211864 0.00211864 0.00211864 0.00211864 
0.00211864 0.00211864 0.00211864 0.00211864 0.00211864 0.00211864 0.00211864 0.00847458 0.0105932 0.0148305 0.0211864 0.0317797 0.0423729 0.0487288 0.0487288 0.0381356 0.0275424 0.0169492 0.0148305 0.0127119 0.00635593 0.00211864 0.00211864 0.00211864 0.00211864 0.00211864 0.00211864 0.00211864 
0.00211864 0.00211864 0.00211864 0.00211864 0.00211864 0.00211864 0.00211864 0.00211864 0.00211864 0.00211864 0.00211864 0.00211864 0.00211864 0.00211864 0.00211864 0.00211864 0.00211864 0.00211864 0.00211864 0.00211864 0.00211864 0.00423729 0.00423729 0.00423729 0.00211864 0.00211864 0.00211864 0.00211864 
0.00211864 0.00211864 0.00211864 0.00211864 0.00211864 0.00211864 0.00211864 0.00211864 0.00211864 0.00211864 0.00211864 0.00211864 0.00211864 0.00211864 0.00211864 0.00211864 0.00211864 0.00211864 0.00211864 0.00211864 0.00211864 0.00211864 0.00211864 0.00211864 0.00211864 0.00211864 0.00211864 0.00211864 

0.0019802 0.0019802 0.0019802 0.0019802 0.0019802 0.0019802 0.0019802 0.0019802 0.0019802 0.0019802 0.0019802 0.0019802 0.0019802 0.0019802 0.0019802 0.0019802 0.0019802 0.0019802 0.0019802 0.0019802 0.0019802 0.0019802 0.0019802 0.0019802 0.0019802 0.0019802 0.0019802 0.0019802 
0.0019802 0.0019802 0.0019802 0.0019802 0.0019802 0.0019802 0.0019802 0.0019802 0.0019802 0.0019802 0.0019802 0.0019802 0.0019802 0.0019802 0.0019802 0.0019802 0.0019802 0.0019802 0.0019802 0.0019802 0.0019802 0.0019802 0.0019802 0.0019802 0.0019802 0.0019802 0.0019802 0.0019802 
0.0019802 0.0019802 0.0019802 0.0019802 0.0019802 0.0019802 0.0019802 0.0019802 0.0019802 0.0019802 0.0019802 0.0019802 0.0019802 0.0019802 0.0019802 0.0019802 0.0019802 0.0019802 0.0019802 0.0019802 0.0019802 0.0019802 0.0019802 0.0019802 0.0019802 0.0019802 0.0019802 0.0019802 
0.0019802 0.0019802 0.0019802 0.0019802 0.0019802 0.0019802 0.0019802 0.0019802 0.0019802 0.0019802 0.0019802 0.0019802 0.0019802 0.0019802 0.0019802 0.0019802 0.0019802 0.0019802 0.0019802 0.0019802 0.0019802 0.0019802 0.0019802 0.0019802 0.0019802 0.0019802 0.0019802 0.0019802 
0.0019802 0.0019802 0.0019802 0.0019802 0.0019802 0.0019802 0.0019802 0.0019802 0.0019802 0.0019802 0.0039604 0.00594059 0.00792079 0.00792079 0.00792079 0.00792079 0.00792079 0.0039604 0.0019802 0.0019802 0.0019802 0.0019802 0.0019802 0.0019802 0.0019802 0.0019802 0.0019802 0.0019802 
0.0019802 0.0019802 0.0019802 0.0019802 0.0019802 0.0019802 0.0019802 0.0019802 0.0019802 0.0039604 0.0118812 0.0277228 0.039604 0.0415842 0.0514851 0.0594059 0.0475248 0.0415842 0.0257426 0.0158416 0.0138614 0.0039604 0.0019802 0.0019802 0.0019802 0.0019802 0.0019802 0.0019802 
0.0019802 0.0019802 0.0019802 0.0019802 0.0019802 0.0019802 0.00594059 0.00990099 0.0217822 0.0613861 0.118812 0.190099 0.338614 0.479208 0.570297 0.60198 0.578218 0.489109 0.368317 0.255446 0.148515 0.0613861 0.00792079 0.0039604 0.0019802 0.0019802 0.0019802 0.0019802 
0.0019802 0.0019802 0.0019802 0.0019802 0.0019802 0.00594059 0.0138614 0.039604 0.0851485 0.182178 0.318812 0.510891 0.726733 0.847525 0.926733 0.922772 0.89703 0.815842 0.647525 0.469307 0.29505 0.138614 0.0415842 0.0178218 0.00594059 0.0019802 0.0019802 0.0019802 
0.0019802 0.0019802 0.0019802 0.0019802 0.00594059 0.0138614 0.0475248 0.10495 0.184158 0.352475 0.580198 0.80396 0.89703 0.89901 0.873267 0.821782 0.815842 0.821782 0.742574 0.594059 0.392079 0.207921 0.0831683 0.0217822 0.00594059 0.0019802 0.0019802 0.0019802 
0.0019802 0.0019802 0.0019802 0.0019802 0.00990099 0.039604 0.0871287 0.174257 0.328713 0.566337 0.788119 0.857426 0.821782 0.671287 0.576238 0.518812 0.590099 0.687129 0.722772 0.637624 0.435644 0.225743 0.0990099 0.0316832 0.0039604 0.0019802 0.0019802 0.0019802 
0.0019802 0.0019802 0.0019802 0.0019802 0.0158416 0.0693069 0.120792 0.259406 0.461386 0.750495 0.80198 0.776238 0.592079 0.374257 0.229703 0.275248 0.435644 0.655446 0.740594 0.70099 0.481188 0.245545 0.112871 0.0316832 0.00792079 0.0019802 0.0019802 0.0019802 
0.0019802 0.0019802 0.0019802 0.0019802 0.0257426 0.0910891 0.166337 0.348515 0.586139 0.774257 0.750495 0.609901 0.338614 0.170297 0.162376 0.29901 0.538614 0.760396 0.811881 0.710891 0.479208 0.241584 0.0930693 0.0178218 0.00594059 0.0039604 0.0019802 0.0019802 
0.0019802 0.0019802 0.0019802 0.00594059 0.0316832 0.0990099 0.211881 0.439604 0.631683 0.760396 0.710891 0.443564 0.281188 0.217822 0.310891 0.50495 0.732673 0.867327 0.831683 0.70099 0.423762 0.20198 0.049505 0.0118812 0.0039604 0.0039604 0.0019802 0.0019802 
0.0019802 0.0019802 0.0019802 0.00990099 0.0376238 0.0990099 0.219802 0.469307 0.641584 0.744554 0.669307 0.483168 0.40198 0.463366 0.562376 0.728713 0.849505 0.918812 0.827723 0.613861 0.332673 0.124752 0.0435644 0.00594059 0.0039604 0.0039604 0.0039604 0.0019802 
0.0019802 0.0019802 0.0019802 0.00990099 0.0336634 0.0970297 0.20396 0.419802 0.60198 0.69703 0.69703 0.627723 0.625743 0.653465 0.738614 0.827723 0.908911 0.926733 0.774257 0.49505 0.225743 0.0950495 0.0356436 0.00792079 0.0019802 0.0039604 0.0039604 0.0019802 
0.0019802 0.0019802 0.0019802 0.00792079 0.0257426 0.0871287 0.166337 0.342574 0.522772 0.613861 0.667327 0.677228 0.683168 0.69703 0.760396 0.851485 0.910891 0.883168 0.669307 0.372277 0.166337 0.0594059 0.029703 0.00594059 0.0019802 0.0039604 0.00594059 0.0019802 
0.0019802 0.0019802 0.0019802 0.00594059 0.0158416 0.0514851 0.122772 0.229703 0.376238 0.485149 0.570297 0.588119 0.59802 0.623762 0.693069 0.831683 0.89505 0.788119 0.542574 0.283168 0.120792 0.0554455 0.0178218 0.0039604 0.0019802 0.0039604 0.0039604 0.0019802 
0.0019802 0.0019802 0.0039604 0.00594059 0.00594059 0.029703 0.0712871 0.130693 0.20396 0.29901 0.368317 0.394059 0.417822 0.512871 0.663366 0.79802 0.827723 0.693069 0.437624 0.231683 0.108911 0.0376238 0.0158416 0.00792079 0.0019802 0.0019802 0.0019802 0.0019802 
0.0019802 0.0019802 0.0039604 0.0039604 0.0039604 0.0138614 0.0277228 0.0574257 0.10297 0.148515 0.186139 0.223762 0.30495 0.453465 0.655446 0.744554 0.744554 0.572277 0.358416 0.211881 0.0930693 0.0316832 0.0217822 0.0118812 0.0039604 0.0019802 0.0019802 0.0019802 
0.0019802 0.0019802 0.0019802 0.0039604 0.0039604 0.0118812 0.0178218 0.0336634 0.0475248 0.0613861 0.114851 0.178218 0.285149 0.461386 0.607921 0.653465 0.619802 0.451485 0.29505 0.186139 0.0970297 0.0277228 0.0217822 0.00990099 0.00792079 0.0019802 0.0019802 0.0019802 
0.0019802 0.0019802 0.0019802 0.0039604 0.0039604 0.00594059 0.0178218 0.019802 0.0257426 0.0633663 0.0990099 0.180198 0.342574 0.49901 0.576238 0.572277 0.49703 0.390099 0.257426 0.168317 0.0950495 0.0376238 0.0217822 0.00990099 0.00792079 0.0019802 0.0019802 0.0019802 
0.0019802 0.0019802 0.0019802 0.0019802 0.0039604 0.00594059 0.0138614 0.0237624 0.0415842 0.0831683 0.160396 0.277228 0.4 0.491089 0.540594 0.518812 0.443564 0.308911 0.239604 0.160396 0.0970297 0.0514851 0.0217822 0.00990099 0.00792079 0.0019802 0.0019802 0.0019802 
0.0019802 0.0019802 0.0019802 0.0019802 0.0019802 0.0039604 0.0158416 0.0336634 0.0693069 0.128713 0.219802 0.330693 0.437624 0.481188 0.485149 0.435644 0.362376 0.287129 0.233663 0.172277 0.108911 0.0554455 0.0217822 0.00990099 0.00792079 0.0019802 0.0019802 0.0019802 
0.0019802 0.0019802 0.0019802 0.0019802 0.0039604 0.00594059 0.0178218 0.0554455 0.10495 0.172277 0.281188 0.348515 0.419802 0.431683 0.421782 0.378218 0.316832 0.273267 0.233663 0.160396 0.118812 0.0613861 0.0277228 0.0138614 0.00594059 0.0019802 0.0019802 0.0019802 
0.0019802 0.0019802 0.0019802 0.0019802 0.00594059 0.0118812 0.0277228 0.0673267 0.122772 0.2 0.291089 0.344554 0.380198 0.364356 0.346535 0.320792 0.283168 0.245545 0.219802 0.148515 0.10099 0.0633663 0.0336634 0.0158416 0.0039604 0.0019802 0.0019802 0.0019802 
0.0019802 0.0019802 0.0019802 0.0019802 0.0039604 0.0138614 0.0336634 0.0712871 0.124752 0.186139 0.253465 0.291089 0.291089 0.281188 0.265347 0.243564 0.227723 0.20198 0.172277 0.106931 0.0811881 0.0534653 0.0277228 0.00990099 0.00594059 0.0019802 0.0019802 0.0019802 
0.0019802 0.0019802 0.0019802 0.0039604 0.00594059 0.00792079 0.0138614 0.0257426 0.0455446 0.0613861 0.0732673 0.0792079 0.0831683 0.0792079 0.0851485 0.0752475 0.0693069 0.0633663 0.0514851 0.0277228 0.0217822 0.0158416 0.00792079 0.0039604 0.0019802 0.0019802 0.0019802 0.0019802 
0.0019802 0.0019802 0.0019802 0.0019802 0.0019802 0.0019802 0.0019802 0.0019802 0.0019802 0.0019802 0.0019802 0.0019802 0.0039604 0.0039604 0.00594059 0.0039604 0.0039604 0.0019802 0.0039604 0.00594059 0.0039604 0.0019802 0.0019802 0.0019802 0.0019802 0.0019802 0.0019802 0.0019802 

